1.000000 -1264.000000
1.000000 -1772.000000
1.000000 -2116.000000
1.000000 -2292.000000
1.000000 -2384.000000
1.000000 -2488.000000
1.000000 -2544.000000
1.000000 -2604.000000
1.000000 -2612.000000
1.000000 -2616.000000
1.000000 -2644.000000
1.000000 -2668.000000
1.000000 -2676.000000
1.000000 -2688.000000
1.000000 -2696.000000
1.000000 -2724.000000
1.000000 -2728.000000
1.000000 -2724.000000
1.000000 -2732.000000
1.000000 -2740.000000
1.000000 -2760.000000
1.000000 -2760.000000
1.000000 -2776.000000
1.000000 -2796.000000
1.000000 -2792.000000
1.000000 -2812.000000
1.000000 -2836.000000
1.000000 -2844.000000
1.000000 -2844.000000
1.000000 -2848.000000
1.000000 -2864.000000
1.000000 -2872.000000
1.000000 -2880.000000
1.000000 -2888.000000
1.000000 -2896.000000
1.000000 -2892.000000
1.000000 -2880.000000
1.000000 -2896.000000
1.000000 -2896.000000
1.000000 -2884.000000
1.000000 -2896.000000
1.000000 -2896.000000
1.000000 -2908.000000
1.000000 -2896.000000
1.000000 -2896.000000
1.000000 -2916.000000
1.000000 -2924.000000
1.000000 -2916.000000
1.000000 -2920.000000
1.000000 -2928.000000
1.000000 -2932.000000
1.000000 -2924.000000
1.000000 -2936.000000
1.000000 -2944.000000
1.000000 -2940.000000
1.000000 -2940.000000
1.000000 -2932.000000
1.000000 -2940.000000
1.000000 -2948.000000
1.000000 -2944.000000
1.000000 -2940.000000
1.000000 -2936.000000
1.000000 -2936.000000
1.000000 -2940.000000
1.000000 -2944.000000
1.000000 -2936.000000
1.000000 -2940.000000
1.000000 -2952.000000
1.000000 -2948.000000
1.000000 -2936.000000
1.000000 -2940.000000
1.000000 -2940.000000
1.000000 -2952.000000
1.000000 -2944.000000
1.000000 -2944.000000
1.000000 -2956.000000
1.000000 -2944.000000
1.000000 -2952.000000
1.000000 -2936.000000
1.000000 -2936.000000
1.000000 -2948.000000
1.000000 -2948.000000
1.000000 -2956.000000
1.000000 -2956.000000
1.000000 -2960.000000
1.000000 -2964.000000
1.000000 -2960.000000
1.000000 -2960.000000
1.000000 -2964.000000
1.000000 -2960.000000
1.000000 -2956.000000
1.000000 -2972.000000
1.000000 -2960.000000
1.000000 -2960.000000
1.000000 -2972.000000
1.000000 -2968.000000
1.000000 -2976.000000
1.000000 -2960.000000
1.000000 -2964.000000
1.000000 -2964.000000
1.000000 -2956.000000
1.000000 -2960.000000
1.000000 -2964.000000
1.000000 -2956.000000
1.000000 -2952.000000
1.000000 -2952.000000
1.000000 -2944.000000
1.000000 -2964.000000
1.000000 -2964.000000
1.000000 -2972.000000
1.000000 -2968.000000
1.000000 -2976.000000
1.000000 -2968.000000
1.000000 -2960.000000
1.000000 -2968.000000
1.000000 -2976.000000
1.000000 -2988.000000
1.000000 -2988.000000
1.000000 -2976.000000
1.000000 -2996.000000
1.000000 -2996.000000
1.000000 -2992.000000
1.000000 -2980.000000
1.000000 -2984.000000
1.000000 -2988.000000
1.000000 -2988.000000
1.000000 -2980.000000
1.000000 -2992.000000
1.000000 -2980.000000
1.000000 -2988.000000
1.000000 -2988.000000
1.000000 -2996.000000
1.000000 -3000.000000
1.000000 -3000.000000
1.000000 -2988.000000
1.000000 -2992.000000
1.000000 -2988.000000
1.000000 -2988.000000
1.000000 -2992.000000
1.000000 -3004.000000
1.000000 -2996.000000
1.000000 -2988.000000
1.000000 -2996.000000
1.000000 -3008.000000
1.000000 -3000.000000
1.000000 -3012.000000
1.000000 -3004.000000
1.000000 -3008.000000
1.000000 -3000.000000
1.000000 -3012.000000
1.000000 -3012.000000
1.000000 -3012.000000
1.000000 -3008.000000
1.000000 -3008.000000
1.000000 -3004.000000
1.000000 -3016.000000
1.000000 -3008.000000
1.000000 -3008.000000
1.000000 -2996.000000
1.000000 -3008.000000
1.000000 -3024.000000
1.000000 -3016.000000
1.000000 -3008.000000
1.000000 -2996.000000
1.000000 -3016.000000
1.000000 -3028.000000
1.000000 -3028.000000
1.000000 -3032.000000
1.000000 -3028.000000
1.000000 -3040.000000
1.000000 -3032.000000
1.000000 -3032.000000
1.000000 -3040.000000
1.000000 -3032.000000
1.000000 -3048.000000
1.000000 -3028.000000
1.000000 -3040.000000
1.000000 -3048.000000
1.000000 -3044.000000
1.000000 -3044.000000
1.000000 -3032.000000
1.000000 -3028.000000
1.000000 -3040.000000
1.000000 -3056.000000
1.000000 -3056.000000
1.000000 -3056.000000
1.000000 -3056.000000
1.000000 -3048.000000
1.000000 -3048.000000
1.000000 -3040.000000
1.000000 -3052.000000
1.000000 -3056.000000
1.000000 -3052.000000
1.000000 -3048.000000
1.000000 -3044.000000
1.000000 -3044.000000
1.000000 -3048.000000
1.000000 -3056.000000
1.000000 -3060.000000
1.000000 -3064.000000
1.000000 -3060.000000
1.000000 -3064.000000
1.000000 -3064.000000
1.000000 -3064.000000
1.000000 -3064.000000
1.000000 -3064.000000
1.000000 -3064.000000
1.000000 -3068.000000
1.000000 -3068.000000
1.000000 -3072.000000
1.000000 -3072.000000
1.000000 -3072.000000
1.000000 -3076.000000
1.000000 -3076.000000
1.000000 -3068.000000
1.000000 -3084.000000
1.000000 -3072.000000
1.000000 -3072.000000
1.000000 -3068.000000
1.000000 -3072.000000
1.000000 -3076.000000
1.000000 -3068.000000
1.000000 -3060.000000
1.000000 -3064.000000
1.000000 -3076.000000
1.000000 -3080.000000
1.000000 -3080.000000
1.000000 -3080.000000
1.000000 -3064.000000
1.000000 -3060.000000
1.000000 -3076.000000
1.000000 -3080.000000
1.000000 -3068.000000
1.000000 -3088.000000
1.000000 -3084.000000
1.000000 -3092.000000
1.000000 -3092.000000
1.000000 -3096.000000
1.000000 -3088.000000
1.000000 -3084.000000
1.000000 -3084.000000
1.000000 -3072.000000
1.000000 -3088.000000
1.000000 -3096.000000
1.000000 -3104.000000
1.000000 -3100.000000
1.000000 -3104.000000
1.000000 -3112.000000
1.000000 -3120.000000
1.000000 -3128.000000
1.000000 -3132.000000
1.000000 -3124.000000
1.000000 -3140.000000
1.000000 -3152.000000
1.000000 -3152.000000
1.000000 -3148.000000
1.000000 -3148.000000
1.000000 -3148.000000
1.000000 -3148.000000
1.000000 -3152.000000
1.000000 -3160.000000
1.000000 -3156.000000
1.000000 -3144.000000
1.000000 -3152.000000
1.000000 -3172.000000
1.000000 -3192.000000
1.000000 -3200.000000
1.000000 -3200.000000
1.000000 -3200.000000
1.000000 -3200.000000
1.000000 -3200.000000
1.000000 -3200.000000
1.000000 -3192.000000
1.000000 -3172.000000
1.000000 -3184.000000
1.000000 -3192.000000
1.000000 -3192.000000
1.000000 -3192.000000
1.000000 -3192.000000
1.000000 -3200.000000
1.000000 -3200.000000
1.000000 -3200.000000
1.000000 -3192.000000
1.000000 -3200.000000
1.000000 -3200.000000
1.000000 -3200.000000
1.000000 -3200.000000
1.000000 -3200.000000
1.000000 -3200.000000
1.000000 -3200.000000
1.000000 -3200.000000
1.000000 -3200.000000
1.000000 -3200.000000
1.000000 -3200.000000
1.000000 -3192.000000
1.000000 -3200.000000
1.000000 -3200.000000
1.000000 -3200.000000
1.000000 -3192.000000
1.000000 -3200.000000
1.000000 -3192.000000
1.000000 -3192.000000
1.000000 -3200.000000
1.000000 -3200.000000
1.000000 -3200.000000
1.000000 -3200.000000
1.000000 -3200.000000
1.000000 -3200.000000
1.000000 -3200.000000
1.000000 -3192.000000
1.000000 -3192.000000
1.000000 -3192.000000
1.000000 -3200.000000
1.000000 -3200.000000
1.000000 -3200.000000
1.000000 -3200.000000
1.000000 -3200.000000
1.000000 -3200.000000
1.000000 -3200.000000
1.000000 -3200.000000
1.000000 -3200.000000
1.000000 -3200.000000
1.000000 -3192.000000
1.000000 -3192.000000
1.000000 -3192.000000
1.000000 -3192.000000
1.000000 -3200.000000
1.000000 -3200.000000
1.000000 -3200.000000
1.000000 -3200.000000
1.000000 -3200.000000
1.000000 -3200.000000
1.000000 -3188.000000
1.000000 -3192.000000
1.000000 -3200.000000
1.000000 -3192.000000
1.000000 -3200.000000
1.000000 -3200.000000
1.000000 -3192.000000
1.000000 -3184.000000
1.000000 -3192.000000
1.000000 -3200.000000
1.000000 -3192.000000
1.000000 -3192.000000
1.000000 -3200.000000
1.000000 -3200.000000
1.000000 -3200.000000
1.000000 -3200.000000
1.000000 -3200.000000
1.000000 -3200.000000
1.000000 -3200.000000
1.000000 -3192.000000
1.000000 -3192.000000
1.000000 -3200.000000
1.000000 -3200.000000
1.000000 -3200.000000
1.000000 -3200.000000
1.000000 -3200.000000
1.000000 -3200.000000
1.000000 -3192.000000
1.000000 -3200.000000
1.000000 -3200.000000
1.000000 -3192.000000
1.000000 -3192.000000
1.000000 -3192.000000
1.000000 -3200.000000
1.000000 -3192.000000
1.000000 -3192.000000
1.000000 -3200.000000
1.000000 -3200.000000
1.000000 -3200.000000
1.000000 -3192.000000
1.000000 -3200.000000
1.000000 -3200.000000
1.000000 -3200.000000
1.000000 -3200.000000
1.000000 -3192.000000
1.000000 -3192.000000
1.000000 -3200.000000
1.000000 -3200.000000
1.000000 -3200.000000
1.000000 -3192.000000
1.000000 -3192.000000
1.000000 -3200.000000
1.000000 -3200.000000
1.000000 -3192.000000
1.000000 -3192.000000
1.000000 -3192.000000
1.000000 -3192.000000
1.000000 -3192.000000
1.000000 -3200.000000
1.000000 -3200.000000
1.000000 -3200.000000
1.000000 -3192.000000
1.000000 -3200.000000
1.000000 -3192.000000
1.000000 -3192.000000
1.000000 -3192.000000
1.000000 -3192.000000
1.000000 -3184.000000
1.000000 -3192.000000
1.000000 -3192.000000
1.000000 -3192.000000
1.000000 -3192.000000
1.000000 -3200.000000
1.000000 -3192.000000
1.000000 -3200.000000
1.000000 -3200.000000
1.000000 -3200.000000
1.000000 -3200.000000
1.000000 -3192.000000
1.000000 -3192.000000
1.000000 -3200.000000
1.000000 -3200.000000
1.000000 -3192.000000
1.000000 -3192.000000
1.000000 -3192.000000
1.000000 -3200.000000
1.000000 -3200.000000
1.000000 -3192.000000
1.000000 -3200.000000
1.000000 -3200.000000
1.000000 -3192.000000
1.000000 -3200.000000
1.000000 -3200.000000
1.000000 -3200.000000
1.000000 -3192.000000
1.000000 -3192.000000
1.000000 -3192.000000
1.000000 -3200.000000
1.000000 -3200.000000
1.000000 -3200.000000
1.000000 -3200.000000
1.000000 -3192.000000
1.000000 -3192.000000
1.000000 -3200.000000
1.000000 -3184.000000
1.000000 -3200.000000
1.000000 -3200.000000
1.000000 -3192.000000
1.000000 -3192.000000
1.000000 -3200.000000
1.000000 -3200.000000
1.000000 -3192.000000
1.000000 -3192.000000
1.000000 -3200.000000
1.000000 -3200.000000
1.000000 -3176.000000
1.000000 -3200.000000
1.000000 -3200.000000
1.000000 -3200.000000
1.000000 -3200.000000
1.000000 -3192.000000
1.000000 -3200.000000
1.000000 -3192.000000
1.000000 -3192.000000
1.000000 -3192.000000
1.000000 -3192.000000
1.000000 -3200.000000
1.000000 -3192.000000
1.000000 -3192.000000
1.000000 -3200.000000
1.000000 -3192.000000
1.000000 -3192.000000
1.000000 -3184.000000
1.000000 -3184.000000
1.000000 -3168.000000
1.000000 -3192.000000
1.000000 -3200.000000
1.000000 -3192.000000
1.000000 -3192.000000
1.000000 -3200.000000
1.000000 -3200.000000
1.000000 -3200.000000
1.000000 -3200.000000
1.000000 -3200.000000
1.000000 -3200.000000
1.000000 -3192.000000
1.000000 -3200.000000
1.000000 -3200.000000
1.000000 -3200.000000
1.000000 -3200.000000
1.000000 -3200.000000
1.000000 -3200.000000
1.000000 -3200.000000
1.000000 -3200.000000
1.000000 -3200.000000
1.000000 -3200.000000
1.000000 -3192.000000
1.000000 -3192.000000
1.000000 -3200.000000
1.000000 -3200.000000
1.000000 -3200.000000
1.000000 -3200.000000
1.000000 -3200.000000
1.000000 -3192.000000
1.000000 -3200.000000
1.000000 -3200.000000
1.000000 -3192.000000
1.000000 -3200.000000
1.000000 -3200.000000
1.000000 -3192.000000
1.000000 -3200.000000
1.000000 -3200.000000
1.000000 -3200.000000
1.000000 -3200.000000
1.000000 -3200.000000
1.000000 -3192.000000
1.000000 -3192.000000
1.000000 -3200.000000
1.000000 -3200.000000
1.000000 -3200.000000
1.000000 -3192.000000
1.000000 -3176.000000
1.000000 -3184.000000
1.000000 -3200.000000
1.000000 -3192.000000
1.000000 -3192.000000
1.000000 -3200.000000
1.000000 -3200.000000
1.000000 -3176.000000
1.000000 -3192.000000
1.000000 -3192.000000
1.000000 -3192.000000
1.000000 -3200.000000
1.000000 -3200.000000
1.000000 -3200.000000
1.000000 -3200.000000
1.000000 -3200.000000
1.000000 -3192.000000
1.000000 -3192.000000
1.000000 -3192.000000
1.000000 -3184.000000
1.000000 -3192.000000
1.000000 -3200.000000
1.000000 -3200.000000
1.000000 -3192.000000
1.000000 -3200.000000
1.000000 -3200.000000
1.000000 -3200.000000
1.000000 -3200.000000
1.000000 -3200.000000
1.000000 -3200.000000
1.000000 -3200.000000
1.000000 -3200.000000
1.000000 -3200.000000
1.000000 -3192.000000
1.000000 -3200.000000
1.000000 -3184.000000
1.000000 -3200.000000
1.000000 -3200.000000
1.000000 -3200.000000
1.000000 -3200.000000
1.000000 -3200.000000
1.000000 -3200.000000
1.000000 -3192.000000
1.000000 -3200.000000
1.000000 -3200.000000
1.000000 -3184.000000
1.000000 -3200.000000
1.000000 -3200.000000
1.000000 -3192.000000
1.000000 -3200.000000
1.000000 -3200.000000
1.000000 -3200.000000
1.000000 -3200.000000
1.000000 -3200.000000
1.000000 -3192.000000
1.000000 -3192.000000
1.000000 -3200.000000
1.000000 -3192.000000
1.000000 -3200.000000
1.000000 -3192.000000
1.000000 -3200.000000
1.000000 -3200.000000
1.000000 -3200.000000
1.000000 -3200.000000
1.000000 -3200.000000
1.000000 -3200.000000
1.000000 -3200.000000
1.000000 -3192.000000
1.000000 -3172.000000
1.000000 -3192.000000
1.000000 -3200.000000
1.000000 -3200.000000
1.000000 -3192.000000
1.000000 -3192.000000
1.000000 -3200.000000
1.000000 -3200.000000
1.000000 -3192.000000
1.000000 -3200.000000
1.000000 -3200.000000
1.000000 -3192.000000
1.000000 -3200.000000
1.000000 -3200.000000
1.000000 -3200.000000
1.000000 -3200.000000
1.000000 -3200.000000
1.000000 -3200.000000
1.000000 -3184.000000
1.000000 -3200.000000
1.000000 -3192.000000
1.000000 -3192.000000
1.000000 -3192.000000
1.000000 -3192.000000
1.000000 -3192.000000
1.000000 -3192.000000
1.000000 -3192.000000
1.000000 -3200.000000
1.000000 -3192.000000
1.000000 -3184.000000
1.000000 -3188.000000
1.000000 -3200.000000
1.000000 -3192.000000
1.000000 -3184.000000
1.000000 -3200.000000
1.000000 -3200.000000
1.000000 -3192.000000
1.000000 -3192.000000
1.000000 -3192.000000
1.000000 -3192.000000
1.000000 -3200.000000
1.000000 -3200.000000
1.000000 -3200.000000
1.000000 -3200.000000
1.000000 -3200.000000
1.000000 -3192.000000
1.000000 -3200.000000
1.000000 -3192.000000
1.000000 -3192.000000
1.000000 -3192.000000
1.000000 -3184.000000
1.000000 -3192.000000
1.000000 -3184.000000
1.000000 -3200.000000
1.000000 -3200.000000
1.000000 -3200.000000
1.000000 -3192.000000
1.000000 -3184.000000
1.000000 -3180.000000
1.000000 -3184.000000
1.000000 -3192.000000
1.000000 -3192.000000
1.000000 -3200.000000
1.000000 -3192.000000
1.000000 -3192.000000
1.000000 -3192.000000
1.000000 -3200.000000
1.000000 -3192.000000
1.000000 -3184.000000
1.000000 -3192.000000
1.000000 -3176.000000
1.000000 -3192.000000
1.000000 -3200.000000
1.000000 -3200.000000
1.000000 -3200.000000
1.000000 -3192.000000
1.000000 -3176.000000
1.000000 -3188.000000
1.000000 -3192.000000
1.000000 -3192.000000
1.000000 -3200.000000
1.000000 -3192.000000
1.000000 -3200.000000
1.000000 -3200.000000
1.000000 -3192.000000
1.000000 -3200.000000
1.000000 -3200.000000
1.000000 -3200.000000
1.000000 -3200.000000
1.000000 -3200.000000
1.000000 -3200.000000
1.000000 -3200.000000
1.000000 -3200.000000
1.000000 -3200.000000
1.000000 -3200.000000
1.000000 -3200.000000
1.000000 -3200.000000
1.000000 -3200.000000
1.000000 -3200.000000
1.000000 -3188.000000
1.000000 -3200.000000
1.000000 -3200.000000
1.000000 -3200.000000
1.000000 -3184.000000
1.000000 -3200.000000
1.000000 -3200.000000
1.000000 -3200.000000
1.000000 -3200.000000
1.000000 -3192.000000
1.000000 -3200.000000
1.000000 -3192.000000
1.000000 -3200.000000
1.000000 -3200.000000
1.000000 -3200.000000
1.000000 -3200.000000
1.000000 -3200.000000
1.000000 -3192.000000
1.000000 -3192.000000
1.000000 -3200.000000
1.000000 -3192.000000
1.000000 -3200.000000
1.000000 -3200.000000
1.000000 -3200.000000
1.000000 -3192.000000
1.000000 -3192.000000
1.000000 -3192.000000
1.000000 -3192.000000
1.000000 -3192.000000
1.000000 -3192.000000
1.000000 -3192.000000
1.000000 -3200.000000
1.000000 -3200.000000
1.000000 -3192.000000
1.000000 -3184.000000
1.000000 -3184.000000
1.000000 -3184.000000
1.000000 -3192.000000
1.000000 -3188.000000
1.000000 -3184.000000
1.000000 -3200.000000
1.000000 -3200.000000
1.000000 -3200.000000
1.000000 -3200.000000
1.000000 -3192.000000
1.000000 -3200.000000
1.000000 -3200.000000
1.000000 -3200.000000
1.000000 -3200.000000
1.000000 -3200.000000
1.000000 -3200.000000
1.000000 -3200.000000
1.000000 -3184.000000
1.000000 -3192.000000
1.000000 -3192.000000
1.000000 -3184.000000
1.000000 -3192.000000
1.000000 -3192.000000
1.000000 -3192.000000
1.000000 -3192.000000
1.000000 -3184.000000
1.000000 -3200.000000
1.000000 -3200.000000
1.000000 -3200.000000
1.000000 -3200.000000
1.000000 -3192.000000
1.000000 -3192.000000
1.000000 -3192.000000
1.000000 -3200.000000
1.000000 -3192.000000
1.000000 -3192.000000
1.000000 -3184.000000
1.000000 -3184.000000
1.000000 -3184.000000
1.000000 -3192.000000
1.000000 -3200.000000
1.000000 -3200.000000
1.000000 -3200.000000
1.000000 -3200.000000
1.000000 -3200.000000
1.000000 -3192.000000
1.000000 -3184.000000
1.000000 -3184.000000
1.000000 -3192.000000
1.000000 -3200.000000
1.000000 -3192.000000
1.000000 -3184.000000
1.000000 -3192.000000
1.000000 -3184.000000
1.000000 -3192.000000
1.000000 -3200.000000
1.000000 -3200.000000
1.000000 -3200.000000
1.000000 -3200.000000
1.000000 -3200.000000
1.000000 -3200.000000
1.000000 -3200.000000
1.000000 -3200.000000
1.000000 -3200.000000
1.000000 -3200.000000
1.000000 -3200.000000
1.000000 -3200.000000
1.000000 -3192.000000
1.000000 -3192.000000
1.000000 -3200.000000
1.000000 -3200.000000
1.000000 -3200.000000
1.000000 -3200.000000
1.000000 -3192.000000
1.000000 -3180.000000
1.000000 -3184.000000
1.000000 -3192.000000
1.000000 -3192.000000
1.000000 -3192.000000
1.000000 -3192.000000
1.000000 -3192.000000
1.000000 -3192.000000
1.000000 -3200.000000
1.000000 -3200.000000
1.000000 -3192.000000
1.000000 -3192.000000
1.000000 -3184.000000
1.000000 -3192.000000
1.000000 -3200.000000
1.000000 -3192.000000
1.000000 -3200.000000
1.000000 -3200.000000
1.000000 -3200.000000
1.000000 -3192.000000
1.000000 -3192.000000
1.000000 -3192.000000
1.000000 -3200.000000
1.000000 -3200.000000
1.000000 -3192.000000
1.000000 -3192.000000
1.000000 -3192.000000
1.000000 -3192.000000
1.000000 -3192.000000
1.000000 -3200.000000
1.000000 -3200.000000
1.000000 -3200.000000
1.000000 -3200.000000
1.000000 -3200.000000
1.000000 -3200.000000
1.000000 -3200.000000
1.000000 -3200.000000
1.000000 -3192.000000
1.000000 -3188.000000
1.000000 -3200.000000
1.000000 -3200.000000
1.000000 -3192.000000
1.000000 -3192.000000
1.000000 -3200.000000
1.000000 -3200.000000
1.000000 -3200.000000
1.000000 -3200.000000
1.000000 -3200.000000
1.000000 -3200.000000
1.000000 -3200.000000
1.000000 -3200.000000
1.000000 -3200.000000
1.000000 -3192.000000
1.000000 -3200.000000
1.000000 -3200.000000
1.000000 -3200.000000
1.000000 -3200.000000
1.000000 -3200.000000
1.000000 -3200.000000
1.000000 -3200.000000
1.000000 -3200.000000
1.000000 -3200.000000
1.000000 -3200.000000
1.000000 -3192.000000
1.000000 -3184.000000
1.000000 -3200.000000
1.000000 -3192.000000
1.000000 -3200.000000
1.000000 -3200.000000
1.000000 -3192.000000
1.000000 -3192.000000
1.000000 -3180.000000
1.000000 -3192.000000
1.000000 -3200.000000
1.000000 -3200.000000
1.000000 -3176.000000
1.000000 -3200.000000
1.000000 -3200.000000
1.000000 -3200.000000
1.000000 -3200.000000
1.000000 -3200.000000
1.000000 -3200.000000
1.000000 -3192.000000
1.000000 -3192.000000
1.000000 -3192.000000
1.000000 -3200.000000
1.000000 -3200.000000
1.000000 -3200.000000
1.000000 -3200.000000
1.000000 -3184.000000
1.000000 -3184.000000
1.000000 -3200.000000
1.000000 -3200.000000
1.000000 -3192.000000
1.000000 -3200.000000
1.000000 -3192.000000
1.000000 -3200.000000
1.000000 -3192.000000
1.000000 -3192.000000
1.000000 -3200.000000
1.000000 -3200.000000
1.000000 -3200.000000
1.000000 -3192.000000
1.000000 -3192.000000
1.000000 -3192.000000
1.000000 -3184.000000
1.000000 -3184.000000
1.000000 -3200.000000
1.000000 -3200.000000
1.000000 -3200.000000
1.000000 -3200.000000
1.000000 -3192.000000
1.000000 -3192.000000
1.000000 -3192.000000
1.000000 -3192.000000
1.000000 -3184.000000
1.000000 -3192.000000
1.000000 -3184.000000
1.000000 -3172.000000
1.000000 -3176.000000
1.000000 -3192.000000
1.000000 -3192.000000
1.000000 -3192.000000
1.000000 -3192.000000
1.000000 -3200.000000
1.000000 -3200.000000
1.000000 -3192.000000
1.000000 -3200.000000
1.000000 -3200.000000
1.000000 -3192.000000
1.000000 -3200.000000
1.000000 -3200.000000
1.000000 -3200.000000
1.000000 -3200.000000
1.000000 -3192.000000
1.000000 -3200.000000
1.000000 -3200.000000
1.000000 -3200.000000
1.000000 -3200.000000
1.000000 -3192.000000
1.000000 -3192.000000
1.000000 -3200.000000
1.000000 -3184.000000
1.000000 -3192.000000
1.000000 -3184.000000
1.000000 -3184.000000
1.000000 -3192.000000
1.000000 -3192.000000
1.000000 -3192.000000
1.000000 -3180.000000
1.000000 -3200.000000
1.000000 -3200.000000
1.000000 -3184.000000
1.000000 -3192.000000
1.000000 -3188.000000
1.000000 -3192.000000
1.000000 -3192.000000
1.000000 -3200.000000
1.000000 -3200.000000
1.000000 -3200.000000
1.000000 -3200.000000
1.000000 -3200.000000
1.000000 -3192.000000
1.000000 -3192.000000
1.000000 -3200.000000
1.000000 -3192.000000
1.000000 -3184.000000
1.000000 -3184.000000
1.000000 -3184.000000
1.000000 -3180.000000
1.000000 -3184.000000
1.000000 -3192.000000
1.000000 -3200.000000
1.000000 -3184.000000
1.000000 -3200.000000
1.000000 -3200.000000
1.000000 -3200.000000
1.000000 -3200.000000
1.000000 -3200.000000
1.000000 -3200.000000
1.000000 -3200.000000
1.000000 -3200.000000
1.000000 -3200.000000
1.000000 -3184.000000
1.000000 -3192.000000
1.000000 -3200.000000
1.000000 -3200.000000
1.000000 -3200.000000
1.000000 -3200.000000
1.000000 -3192.000000
1.000000 -3192.000000
1.000000 -3192.000000
1.000000 -3188.000000
1.000000 -3200.000000
1.000000 -3192.000000
1.000000 -3192.000000
1.000000 -3192.000000
1.000000 -3192.000000
1.000000 -3200.000000
1.000000 -3200.000000
1.000000 -3200.000000
1.000000 -3200.000000
1.000000 -3200.000000
1.000000 -3192.000000
1.000000 -3200.000000
1.000000 -3200.000000
1.000000 -3200.000000
1.000000 -3200.000000
1.000000 -3200.000000
1.000000 -3200.000000
1.000000 -3200.000000
1.000000 -3200.000000
1.000000 -3200.000000
1.000000 -3200.000000
1.000000 -3200.000000
1.000000 -3192.000000
1.000000 -3200.000000
1.000000 -3200.000000
1.000000 -3200.000000
1.000000 -3192.000000
1.000000 -3192.000000
1.000000 -3188.000000
1.000000 -3184.000000
1.000000 -3192.000000
1.000000 -3200.000000
1.000000 -3188.000000
1.000000 -3192.000000
1.000000 -3184.000000
1.000000 -3192.000000
1.000000 -3192.000000
1.000000 -3200.000000
1.000000 -3192.000000
1.000000 -3184.000000
1.000000 -3192.000000
1.000000 -3200.000000
1.000000 -3184.000000
1.000000 -3200.000000
1.000000 -3200.000000
1.000000 -3192.000000
1.000000 -3184.000000
1.000000 -3176.000000
1.000000 -3200.000000
1.000000 -3200.000000
1.000000 -3200.000000
1.000000 -3192.000000
1.000000 -3200.000000
1.000000 -3192.000000
1.000000 -3200.000000
1.000000 -3192.000000
1.000000 -3192.000000
1.000000 -3192.000000
1.000000 -3200.000000
1.000000 -3200.000000
1.000000 -3200.000000
1.000000 -3200.000000
1.000000 -3192.000000
1.000000 -3184.000000
1.000000 -3184.000000
1.000000 -3192.000000
1.000000 -3184.000000
1.000000 -3200.000000
1.000000 -3200.000000
1.000000 -3200.000000
1.000000 -3200.000000
1.000000 -3200.000000
1.000000 -3184.000000
1.000000 -3192.000000
1.000000 -3200.000000
1.000000 -3200.000000
1.000000 -3200.000000
1.000000 -3192.000000
1.000000 -3200.000000
1.000000 -3184.000000
1.000000 -3200.000000
1.000000 -3200.000000
1.000000 -3200.000000
1.000000 -3200.000000
1.000000 -3200.000000
1.000000 -3192.000000
1.000000 -3184.000000
1.000000 -3184.000000
1.000000 -3192.000000
1.000000 -3192.000000
1.000000 -3200.000000
1.000000 -3192.000000
1.000000 -3192.000000
1.000000 -3200.000000
1.000000 -3200.000000
1.000000 -3200.000000
1.000000 -3192.000000
1.000000 -3192.000000
1.000000 -3200.000000
1.000000 -3200.000000
1.000000 -3200.000000
1.000000 -3192.000000
1.000000 -3200.000000
1.000000 -3200.000000
1.000000 -3200.000000
1.000000 -3200.000000
1.000000 -3192.000000
1.000000 -3192.000000
1.000000 -3200.000000
1.000000 -3200.000000
1.000000 -3192.000000
1.000000 -3192.000000
1.000000 -3200.000000
1.000000 -3200.000000
1.000000 -3192.000000
1.000000 -3160.000000
1.000000 -3144.000000
1.000000 -3168.000000
1.000000 -3184.000000
1.000000 -3200.000000
1.000000 -3200.000000
1.000000 -3200.000000
1.000000 -3200.000000
1.000000 -3192.000000
1.000000 -3184.000000
1.000000 -3192.000000
1.000000 -3200.000000
1.000000 -3200.000000
1.000000 -3200.000000
1.000000 -3192.000000
1.000000 -3192.000000
1.000000 -3192.000000
1.000000 -3200.000000
1.000000 -3200.000000
1.000000 -3200.000000
1.000000 -3200.000000
1.000000 -3200.000000
1.000000 -3200.000000
1.000000 -3184.000000
1.000000 -3192.000000
1.000000 -3200.000000
1.000000 -3200.000000
1.000000 -3200.000000
1.000000 -3192.000000
1.000000 -3200.000000
1.000000 -3192.000000
1.000000 -3200.000000
1.000000 -3200.000000
1.000000 -3200.000000
1.000000 -3184.000000
1.000000 -3172.000000
1.000000 -3164.000000
1.000000 -3184.000000
1.000000 -3200.000000
1.000000 -3192.000000
1.000000 -3184.000000
1.000000 -3176.000000
1.000000 -3192.000000
1.000000 -3192.000000
1.000000 -3192.000000
1.000000 -3200.000000
1.000000 -3200.000000
1.000000 -3200.000000
1.000000 -3200.000000
1.000000 -3200.000000
1.000000 -3192.000000
1.000000 -3192.000000
1.000000 -3184.000000
1.000000 -3176.000000
1.000000 -3192.000000
1.000000 -3192.000000
1.000000 -3192.000000
1.000000 -3200.000000
1.000000 -3200.000000
1.000000 -3200.000000
1.000000 -3200.000000
1.000000 -3200.000000
1.000000 -3200.000000
1.000000 -3200.000000
1.000000 -3192.000000
1.000000 -3200.000000
1.000000 -3200.000000
1.000000 -3200.000000
1.000000 -3192.000000
1.000000 -3192.000000
1.000000 -3200.000000
1.000000 -3200.000000
1.000000 -3192.000000
1.000000 -3200.000000
1.000000 -3192.000000
1.000000 -3188.000000
1.000000 -3200.000000
1.000000 -3184.000000
1.000000 -3176.000000
1.000000 -3192.000000
1.000000 -3192.000000
1.000000 -3192.000000
1.000000 -3192.000000
1.000000 -3200.000000
1.000000 -3200.000000
1.000000 -3192.000000
1.000000 -3200.000000
1.000000 -3200.000000
1.000000 -3200.000000
1.000000 -3192.000000
1.000000 -3192.000000
1.000000 -3192.000000
1.000000 -3192.000000
1.000000 -3200.000000
1.000000 -3200.000000
1.000000 -3192.000000
1.000000 -3200.000000
1.000000 -3200.000000
1.000000 -3200.000000
1.000000 -3200.000000
1.000000 -3192.000000
1.000000 -3200.000000
1.000000 -3200.000000
1.000000 -3200.000000
1.000000 -3200.000000
1.000000 -3200.000000
1.000000 -3200.000000
1.000000 -3192.000000
1.000000 -3192.000000
1.000000 -3200.000000
1.000000 -3200.000000
1.000000 -3200.000000
1.000000 -3200.000000
1.000000 -3200.000000
1.000000 -3200.000000
1.000000 -3200.000000
1.000000 -3200.000000
1.000000 -3200.000000
1.000000 -3200.000000
1.000000 -3200.000000
1.000000 -3200.000000
1.000000 -3200.000000
1.000000 -3192.000000
1.000000 -3192.000000
1.000000 -3192.000000
1.000000 -3200.000000
1.000000 -3188.000000
1.000000 -3192.000000
1.000000 -3192.000000
1.000000 -3200.000000
1.000000 -3184.000000
1.000000 -3184.000000
1.000000 -3184.000000
1.000000 -3192.000000
1.000000 -3192.000000
1.000000 -3184.000000
1.000000 -3184.000000
1.000000 -3192.000000
1.000000 -3192.000000
1.000000 -3200.000000
1.000000 -3200.000000
1.000000 -3192.000000
1.000000 -3192.000000
1.000000 -3200.000000
1.000000 -3200.000000
1.000000 -3192.000000
1.000000 -3176.000000
1.000000 -3200.000000
1.000000 -3200.000000
1.000000 -3184.000000
1.000000 -3200.000000
1.000000 -3200.000000
1.000000 -3192.000000
1.000000 -3192.000000
1.000000 -3200.000000
1.000000 -3200.000000
1.000000 -3200.000000
1.000000 -3200.000000
1.000000 -3192.000000
1.000000 -3192.000000
1.000000 -3180.000000
1.000000 -3176.000000
1.000000 -3184.000000
1.000000 -3192.000000
1.000000 -3200.000000
1.000000 -3200.000000
1.000000 -3192.000000
1.000000 -3192.000000
1.000000 -3200.000000
1.000000 -3200.000000
1.000000 -3192.000000
1.000000 -3192.000000
1.000000 -3200.000000
1.000000 -3192.000000
1.000000 -3200.000000
1.000000 -3200.000000
1.000000 -3200.000000
1.000000 -3200.000000
1.000000 -3200.000000
1.000000 -3184.000000
1.000000 -3184.000000
1.000000 -3184.000000
1.000000 -3192.000000
1.000000 -3200.000000
1.000000 -3200.000000
1.000000 -3192.000000
1.000000 -3192.000000
1.000000 -3200.000000
1.000000 -3200.000000
1.000000 -3200.000000
1.000000 -3200.000000
1.000000 -3200.000000
1.000000 -3200.000000
1.000000 -3200.000000
1.000000 -3200.000000
1.000000 -3200.000000
1.000000 -3200.000000
1.000000 -3192.000000
1.000000 -3192.000000
1.000000 -3176.000000
1.000000 -3180.000000
1.000000 -3192.000000
1.000000 -3192.000000
1.000000 -3192.000000
1.000000 -3192.000000
1.000000 -3200.000000
1.000000 -3192.000000
1.000000 -3200.000000
1.000000 -3192.000000
1.000000 -3200.000000
1.000000 -3200.000000
1.000000 -3192.000000
1.000000 -3192.000000
1.000000 -3200.000000
1.000000 -3200.000000
1.000000 -3200.000000
1.000000 -3192.000000
1.000000 -3192.000000
1.000000 -3192.000000
1.000000 -3192.000000
1.000000 -3184.000000
1.000000 -3192.000000
1.000000 -3200.000000
1.000000 -3192.000000
1.000000 -3192.000000
1.000000 -3184.000000
1.000000 -3176.000000
1.000000 -3192.000000
1.000000 -3192.000000
1.000000 -3200.000000
1.000000 -3200.000000
1.000000 -3200.000000
1.000000 -3200.000000
1.000000 -3200.000000
1.000000 -3192.000000
1.000000 -3192.000000
1.000000 -3184.000000
1.000000 -3192.000000
1.000000 -3192.000000
1.000000 -3200.000000
1.000000 -3184.000000
1.000000 -3176.000000
1.000000 -3176.000000
1.000000 -3184.000000
1.000000 -3192.000000
1.000000 -3192.000000
1.000000 -3192.000000
1.000000 -3192.000000
1.000000 -3200.000000
1.000000 -3200.000000
1.000000 -3200.000000
1.000000 -3200.000000
1.000000 -3200.000000
1.000000 -3200.000000
1.000000 -3200.000000
1.000000 -3200.000000
1.000000 -3200.000000
1.000000 -3200.000000
1.000000 -3200.000000
1.000000 -3192.000000
1.000000 -3200.000000
1.000000 -3200.000000
1.000000 -3200.000000
1.000000 -3192.000000
1.000000 -3200.000000
1.000000 -3200.000000
1.000000 -3200.000000
1.000000 -3200.000000
1.000000 -3200.000000
1.000000 -3200.000000
1.000000 -3200.000000
1.000000 -3200.000000
1.000000 -3192.000000
1.000000 -3192.000000
1.000000 -3184.000000
1.000000 -3200.000000
1.000000 -3192.000000
1.000000 -3184.000000
1.000000 -3200.000000
1.000000 -3200.000000
1.000000 -3200.000000
1.000000 -3192.000000
1.000000 -3184.000000
1.000000 -3192.000000
1.000000 -3192.000000
1.000000 -3192.000000
1.000000 -3184.000000
1.000000 -3192.000000
1.000000 -3184.000000
1.000000 -3200.000000
1.000000 -3192.000000
1.000000 -3192.000000
1.000000 -3192.000000
1.000000 -3200.000000
1.000000 -3200.000000
1.000000 -3200.000000
1.000000 -3192.000000
1.000000 -3200.000000
1.000000 -3200.000000
1.000000 -3200.000000
1.000000 -3200.000000
1.000000 -3192.000000
1.000000 -3184.000000
1.000000 -3192.000000
1.000000 -3200.000000
1.000000 -3200.000000
1.000000 -3200.000000
1.000000 -3200.000000
1.000000 -3192.000000
1.000000 -3180.000000
1.000000 -3176.000000
1.000000 -3192.000000
1.000000 -3176.000000
1.000000 -3188.000000
1.000000 -3192.000000
1.000000 -3184.000000
1.000000 -3192.000000
1.000000 -3192.000000
1.000000 -3192.000000
1.000000 -3200.000000
1.000000 -3192.000000
1.000000 -3192.000000
1.000000 -3192.000000
1.000000 -3192.000000
1.000000 -3200.000000
1.000000 -3192.000000
1.000000 -3192.000000
1.000000 -3200.000000
1.000000 -3176.000000
1.000000 -3192.000000
1.000000 -3192.000000
1.000000 -3184.000000
1.000000 -3192.000000
1.000000 -3192.000000
1.000000 -3200.000000
1.000000 -3184.000000
1.000000 -3200.000000
1.000000 -3200.000000
1.000000 -3200.000000
1.000000 -3192.000000
1.000000 -3200.000000
1.000000 -3200.000000
1.000000 -3200.000000
1.000000 -3200.000000
1.000000 -3200.000000
1.000000 -3200.000000
1.000000 -3192.000000
1.000000 -3200.000000
1.000000 -3200.000000
1.000000 -3200.000000
1.000000 -3200.000000
1.000000 -3200.000000
1.000000 -3200.000000
1.000000 -3200.000000
1.000000 -3200.000000
1.000000 -3200.000000
1.000000 -3192.000000
1.000000 -3200.000000
1.000000 -3200.000000
1.000000 -3200.000000
1.000000 -3200.000000
1.000000 -3200.000000
1.000000 -3200.000000
1.000000 -3200.000000
1.000000 -3200.000000
1.000000 -3200.000000
1.000000 -3200.000000
1.000000 -3200.000000
1.000000 -3200.000000
1.000000 -3200.000000
1.000000 -3200.000000
1.000000 -3200.000000
1.000000 -3200.000000
1.000000 -3200.000000
1.000000 -3200.000000
1.000000 -3200.000000
1.000000 -3200.000000
1.000000 -3192.000000
1.000000 -3200.000000
1.000000 -3200.000000
1.000000 -3200.000000
1.000000 -3200.000000
1.000000 -3200.000000
1.000000 -3200.000000
1.000000 -3200.000000
1.000000 -3184.000000
1.000000 -3192.000000
1.000000 -3192.000000
1.000000 -3192.000000
1.000000 -3192.000000
1.000000 -3192.000000
1.000000 -3192.000000
1.000000 -3200.000000
1.000000 -3200.000000
1.000000 -3200.000000
1.000000 -3200.000000
1.000000 -3192.000000
1.000000 -3200.000000
1.000000 -3192.000000
1.000000 -3200.000000
1.000000 -3200.000000
1.000000 -3200.000000
1.000000 -3200.000000
