0.000000e+00 7.151462e-01
2.000000e-02 4.542545e+01
4.000000e-02 4.582118e+01
6.000000e-02 4.315912e+01
8.000000e-02 4.391450e+01
1.000000e-01 4.483326e+01
1.200000e-01 4.545104e+01
1.400000e-01 4.535667e+01
1.600000e-01 4.019557e+01
1.800000e-01 4.524974e+01
2.000000e-01 4.523033e+01
2.200000e-01 4.533623e+01
2.400000e-01 4.552230e+01
2.600000e-01 4.421243e+01
2.800000e-01 4.541011e+01
3.000000e-01 3.933566e+01
3.200000e-01 4.487262e+01
3.400000e-01 4.560403e+01
3.600000e-01 4.580723e+01
3.800000e-01 4.579564e+01
4.000000e-01 2.599541e+01
4.200000e-01 4.392933e+01
4.400000e-01 4.495334e+01
4.600000e-01 4.546209e+01
4.800000e-01 4.486747e+01
5.000000e-01 4.314231e+01
5.200000e-01 4.473392e+01
5.400000e-01 4.534562e+01
5.600000e-01 4.547017e+01
5.800000e-01 4.567643e+01
6.000000e-01 4.479125e+01
6.200000e-01 4.529596e+01
6.400000e-01 4.514977e+01
6.600000e-01 4.268902e+01
6.800000e-01 4.399915e+01
7.000000e-01 4.174309e+01
7.200000e-01 4.503570e+01
7.400000e-01 4.164597e+01
7.600000e-01 4.366453e+01
7.800000e-01 4.539871e+01
8.000000e-01 4.559233e+01
8.200000e-01 4.557768e+01
8.400000e-01 4.291448e+01
8.600000e-01 4.535128e+01
8.800000e-01 4.546699e+01
9.000000e-01 4.052766e+01
9.200000e-01 4.347973e+01
9.400000e-01 4.545208e+01
9.600000e-01 4.562439e+01
9.800000e-01 4.360141e+01
1.000000e+00 3.785322e+01
1.020000e+00 4.514495e+01
1.040000e+00 4.554995e+01
1.060000e+00 4.373232e+01
1.080000e+00 4.109021e+01
1.100000e+00 4.131494e+01
1.120000e+00 4.543689e+01
1.140000e+00 4.478267e+01
1.160000e+00 4.553096e+01
1.180000e+00 3.854691e+01
1.200000e+00 4.439986e+01
1.220000e+00 4.540440e+01
1.240000e+00 4.509400e+01
1.260000e+00 4.509792e+01
1.280000e+00 4.476467e+01
1.300000e+00 4.517359e+01
1.320000e+00 4.382099e+01
1.340000e+00 4.520063e+01
1.360000e+00 4.123655e+01
1.380000e+00 4.567313e+01
1.400000e+00 4.502123e+01
1.420000e+00 4.418807e+01
1.440000e+00 4.482890e+01
1.460000e+00 4.483637e+01
1.480000e+00 4.083332e+01
1.500000e+00 3.944066e+01
1.520000e+00 4.565960e+01
1.540000e+00 4.376715e+01
1.560000e+00 4.539175e+01
1.580000e+00 4.524924e+01
1.600000e+00 4.521755e+01
1.620000e+00 4.400824e+01
1.640000e+00 4.386278e+01
1.660000e+00 4.570467e+01
1.680000e+00 4.560693e+01
1.700000e+00 4.537745e+01
1.720000e+00 4.191546e+01
1.740000e+00 4.488218e+01
1.760000e+00 4.512996e+01
1.780000e+00 4.463159e+01
1.800000e+00 4.365227e+01
1.820000e+00 4.134064e+01
1.840000e+00 4.198100e+01
1.860000e+00 4.396403e+01
1.880000e+00 4.494601e+01
1.900000e+00 4.559581e+01
1.920000e+00 4.292991e+01
1.940000e+00 4.459347e+01
1.960000e+00 4.515740e+01
1.980000e+00 4.288558e+01
2.000000e+00 4.467547e+01
2.020000e+00 4.485590e+01
2.040000e+00 4.484522e+01
2.060000e+00 4.468326e+01
2.080000e+00 4.113137e+01
2.100000e+00 4.345855e+01
2.120000e+00 4.310770e+01
2.140000e+00 4.287960e+01
2.160000e+00 4.495984e+01
2.180000e+00 4.481201e+01
2.200000e+00 4.507153e+01
2.220000e+00 4.336977e+01
2.240000e+00 4.526153e+01
2.260000e+00 4.409448e+01
2.280000e+00 4.382832e+01
2.300000e+00 4.535353e+01
2.320000e+00 4.496619e+01
2.340000e+00 4.470961e+01
2.360000e+00 4.358516e+01
2.380000e+00 4.555004e+01
2.400000e+00 4.501302e+01
2.420000e+00 4.526815e+01
2.440000e+00 4.555820e+01
2.460000e+00 4.332190e+01
2.480000e+00 4.555074e+01
2.500000e+00 4.547056e+01
2.520000e+00 4.163805e+01
2.540000e+00 4.554037e+01
2.560000e+00 4.262579e+01
2.580000e+00 4.565700e+01
2.600000e+00 4.529331e+01
2.620000e+00 4.400897e+01
2.640000e+00 4.472908e+01
2.660000e+00 4.524536e+01
2.680000e+00 4.502731e+01
2.700000e+00 4.405161e+01
2.720000e+00 4.511377e+01
2.740000e+00 4.557515e+01
2.760000e+00 4.323744e+01
2.780000e+00 4.391671e+01
2.800000e+00 4.184160e+01
2.820000e+00 4.507881e+01
2.840000e+00 4.328091e+01
2.860000e+00 4.557486e+01
2.880000e+00 4.566771e+01
2.900000e+00 4.539340e+01
2.920000e+00 4.051667e+01
2.940000e+00 4.471666e+01
2.960000e+00 4.524171e+01
2.980000e+00 4.186961e+01
3.000000e+00 4.295533e+01
3.020000e+00 4.508625e+01
3.040000e+00 4.178260e+01
3.060000e+00 4.488483e+01
3.080000e+00 4.554765e+01
3.100000e+00 4.532879e+01
3.120000e+00 3.886271e+01
3.140000e+00 4.562133e+01
3.160000e+00 4.536347e+01
3.180000e+00 4.453832e+01
3.200000e+00 4.544609e+01
3.220000e+00 4.556691e+01
3.240000e+00 4.523040e+01
3.260000e+00 4.431099e+01
3.280000e+00 4.565336e+01
3.300000e+00 3.684820e+01
3.320000e+00 4.533764e+01
3.340000e+00 4.427524e+01
3.360000e+00 4.482862e+01
3.380000e+00 4.482834e+01
3.400000e+00 4.529804e+01
3.420000e+00 4.550013e+01
3.440000e+00 4.546926e+01
3.460000e+00 3.940855e+01
3.480000e+00 4.578341e+01
3.500000e+00 4.504743e+01
3.520000e+00 4.503877e+01
3.540000e+00 4.563488e+01
3.560000e+00 4.455461e+01
3.580000e+00 4.521249e+01
3.600000e+00 4.571647e+01
3.620000e+00 4.504886e+01
3.640000e+00 4.015380e+01
3.660000e+00 3.435404e+01
3.680000e+00 4.386932e+01
3.700000e+00 4.350476e+01
3.720000e+00 4.177902e+01
3.740000e+00 4.539247e+01
3.760000e+00 4.491044e+01
3.780000e+00 4.502304e+01
3.800000e+00 4.537328e+01
3.820000e+00 4.568817e+01
3.840000e+00 4.557937e+01
3.860000e+00 4.183246e+01
3.880000e+00 4.454305e+01
3.900000e+00 4.313571e+01
3.920000e+00 4.532447e+01
3.940000e+00 4.498859e+01
3.960000e+00 4.499423e+01
3.980000e+00 4.534214e+01
4.000000e+00 4.512640e+01
4.020000e+00 4.363987e+01
4.040000e+00 4.538512e+01
4.060000e+00 4.565294e+01
4.080000e+00 4.555700e+01
4.100000e+00 4.225993e+01
4.120000e+00 4.537985e+01
4.140000e+00 4.528208e+01
4.160000e+00 4.556395e+01
4.180000e+00 4.555308e+01
4.200000e+00 4.562443e+01
4.220000e+00 4.527581e+01
4.240000e+00 4.456526e+01
4.260000e+00 4.527718e+01
4.280000e+00 4.020861e+01
4.300000e+00 4.464397e+01
4.320000e+00 4.387687e+01
4.340000e+00 4.392066e+01
4.360000e+00 4.442929e+01
4.380000e+00 4.363899e+01
4.400000e+00 4.485541e+01
4.420000e+00 4.129274e+01
4.440000e+00 4.058065e+01
4.460000e+00 4.568528e+01
4.480000e+00 4.304786e+01
4.500000e+00 4.494811e+01
4.520000e+00 4.379276e+01
4.540000e+00 4.549150e+01
4.560000e+00 4.491217e+01
4.580000e+00 4.528328e+01
4.600000e+00 4.558632e+01
4.620000e+00 4.571035e+01
4.640000e+00 3.606981e+01
4.660000e+00 4.405175e+01
4.680000e+00 4.472220e+01
4.700000e+00 4.435000e+01
4.720000e+00 3.778142e+01
4.740000e+00 4.140195e+01
4.760000e+00 4.563343e+01
4.780000e+00 4.242183e+01
4.800000e+00 4.432114e+01
4.820000e+00 4.551833e+01
4.840000e+00 4.368417e+01
4.860000e+00 4.395861e+01
4.880000e+00 3.361247e+01
4.900000e+00 4.419362e+01
4.920000e+00 4.477707e+01
4.940000e+00 4.348829e+01
4.960000e+00 4.547255e+01
4.980000e+00 4.529408e+01
