inf
3.199998e+03
2.399998e+03
2.133332e+03
1.999999e+03
1.920000e+03
1.866667e+03
1.828573e+03
1.800003e+03
1.777782e+03
1.760006e+03
1.745462e+03
1.733343e+03
1.723089e+03
1.714300e+03
1.706683e+03
1.700019e+03
1.694140e+03
1.688914e+03
1.684239e+03
1.680033e+03
1.676227e+03
1.672768e+03
1.669610e+03
1.666716e+03
1.664054e+03
1.661597e+03
1.659323e+03
1.657212e+03
1.655247e+03
1.653413e+03
1.651699e+03
1.650091e+03
1.648582e+03
1.647162e+03
1.645823e+03
1.644559e+03
1.643363e+03
1.642230e+03
1.641154e+03
1.640132e+03
1.639159e+03
1.638231e+03
1.637344e+03
1.636496e+03
1.635682e+03
1.634900e+03
1.634146e+03
1.633418e+03
1.632712e+03
1.632024e+03
1.631352e+03
1.630690e+03
1.630035e+03
1.629380e+03
1.628720e+03
1.628048e+03
1.627354e+03
1.626628e+03
1.625856e+03
1.625024e+03
1.624111e+03
1.623096e+03
1.621949e+03
1.620638e+03
1.619126e+03
1.617370e+03
1.615326e+03
1.612951e+03
1.610209e+03
1.607076e+03
1.603554e+03
1.599677e+03
1.595513e+03
1.591167e+03
1.586768e+03
1.582452e+03
1.578346e+03
1.574549e+03
1.571125e+03
1.568105e+03
1.565490e+03
1.563259e+03
1.561376e+03
1.559796e+03
1.558471e+03
1.557355e+03
1.556404e+03
1.555583e+03
1.554865e+03
1.554230e+03
1.553667e+03
1.553171e+03
1.552742e+03
1.552383e+03
1.552097e+03
1.551883e+03
1.551742e+03
1.551669e+03
1.551659e+03
1.551705e+03
1.551799e+03
1.551934e+03
1.552100e+03
1.552290e+03
1.552499e+03
1.552720e+03
1.552949e+03
1.553181e+03
1.553413e+03
1.553643e+03
1.553868e+03
1.554089e+03
1.554303e+03
1.554511e+03
1.554713e+03
1.554909e+03
1.555099e+03
1.555285e+03
1.555468e+03
1.555648e+03
1.555826e+03
1.556002e+03
1.556177e+03
1.556352e+03
1.556525e+03
1.556697e+03
1.556866e+03
1.557032e+03
1.557193e+03
1.557347e+03
1.557492e+03
1.557625e+03
1.557743e+03
1.557845e+03
1.557925e+03
1.557981e+03
1.558009e+03
1.558006e+03
1.557971e+03
1.557901e+03
1.557796e+03
1.557660e+03
1.557496e+03
1.557311e+03
1.557114e+03
1.556914e+03
1.556722e+03
1.556546e+03
1.556397e+03
1.556278e+03
1.556194e+03
1.556146e+03
1.556133e+03
1.556153e+03
1.556204e+03
1.556282e+03
1.556383e+03
1.556504e+03
1.556641e+03
1.556791e+03
1.556951e+03
1.557119e+03
1.557293e+03
1.557469e+03
1.557646e+03
1.557823e+03
1.557997e+03
1.558168e+03
1.558332e+03
1.558489e+03
1.558637e+03
1.558775e+03
1.558900e+03
1.559012e+03
1.559109e+03
1.559191e+03
1.559255e+03
1.559304e+03
1.559335e+03
1.559352e+03
1.559354e+03
1.559346e+03
1.559329e+03
1.559308e+03
1.559285e+03
1.559266e+03
1.559253e+03
1.559250e+03
1.559258e+03
1.559280e+03
1.559316e+03
1.559366e+03
1.559431e+03
1.559509e+03
1.559599e+03
1.559700e+03
1.559811e+03
1.559930e+03
1.560056e+03
1.560188e+03
1.560324e+03
1.560464e+03
1.560606e+03
1.560751e+03
1.560896e+03
1.561042e+03
1.561188e+03
1.561334e+03
1.561478e+03
1.561622e+03
1.561763e+03
1.561904e+03
1.562042e+03
1.562177e+03
1.562311e+03
1.562442e+03
1.562570e+03
1.562695e+03
1.562817e+03
1.562935e+03
1.563050e+03
1.563161e+03
1.563269e+03
1.563372e+03
1.563470e+03
1.563564e+03
1.563654e+03
1.563738e+03
1.563817e+03
1.563890e+03
1.563958e+03
1.564020e+03
1.564076e+03
1.564126e+03
1.564171e+03
1.564209e+03
1.564243e+03
1.564270e+03
1.564293e+03
1.564311e+03
1.564325e+03
1.564335e+03
1.564342e+03
1.564348e+03
1.564351e+03
1.564355e+03
1.564358e+03
1.564362e+03
1.564368e+03
1.564376e+03
1.564387e+03
1.564402e+03
1.564421e+03
1.564444e+03
1.564472e+03
1.564505e+03
1.564543e+03
1.564586e+03
1.564633e+03
1.564685e+03
1.564740e+03
1.564799e+03
1.564860e+03
1.564922e+03
1.564984e+03
1.565043e+03
1.565099e+03
1.565146e+03
1.565182e+03
1.565200e+03
1.565194e+03
1.565155e+03
1.565073e+03
1.564936e+03
1.564734e+03
1.564461e+03
1.564120e+03
1.563725e+03
1.563302e+03
1.562887e+03
1.562513e+03
1.562203e+03
1.561968e+03
1.561807e+03
1.561712e+03
1.561672e+03
1.561674e+03
1.561709e+03
1.561769e+03
1.561847e+03
1.561937e+03
1.562037e+03
1.562144e+03
1.562255e+03
1.562369e+03
1.562485e+03
1.562602e+03
1.562720e+03
1.562839e+03
1.562957e+03
1.563074e+03
1.563191e+03
1.563307e+03
1.563422e+03
1.563536e+03
1.563649e+03
1.563760e+03
1.563870e+03
1.563978e+03
1.564084e+03
1.564188e+03
1.564289e+03
1.564389e+03
1.564485e+03
1.564578e+03
1.564667e+03
1.564753e+03
1.564833e+03
1.564909e+03
1.564978e+03
1.565041e+03
1.565096e+03
1.565142e+03
1.565178e+03
1.565204e+03
1.565218e+03
1.565220e+03
1.565208e+03
1.565183e+03
1.565145e+03
1.565094e+03
1.565032e+03
1.564961e+03
1.564883e+03
1.564803e+03
1.564723e+03
1.564646e+03
1.564576e+03
1.564514e+03
1.564462e+03
1.564422e+03
1.564392e+03
1.564374e+03
1.564366e+03
1.564368e+03
1.564379e+03
1.564397e+03
1.564421e+03
1.564451e+03
1.564486e+03
1.564526e+03
1.564568e+03
1.564613e+03
1.564660e+03
1.564710e+03
1.564760e+03
1.564812e+03
1.564865e+03
1.564918e+03
1.564973e+03
1.565027e+03
1.565081e+03
1.565136e+03
1.565190e+03
1.565244e+03
1.565297e+03
1.565349e+03
1.565401e+03
1.565450e+03
1.565498e+03
1.565543e+03
1.565586e+03
1.565624e+03
1.565659e+03
1.565687e+03
1.565709e+03
1.565722e+03
1.565726e+03
1.565717e+03
1.565695e+03
1.565656e+03
1.565597e+03
1.565519e+03
1.565417e+03
1.565293e+03
1.565147e+03
1.564982e+03
1.564802e+03
1.564613e+03
1.564420e+03
1.564231e+03
1.564049e+03
1.563879e+03
1.563725e+03
1.563586e+03
1.563463e+03
1.563356e+03
1.563264e+03
1.563186e+03
1.563120e+03
1.563066e+03
1.563021e+03
1.562985e+03
1.562957e+03
1.562935e+03
1.562917e+03
1.562903e+03
1.562891e+03
1.562880e+03
1.562869e+03
1.562856e+03
1.562839e+03
1.562817e+03
1.562788e+03
1.562751e+03
1.562704e+03
1.562646e+03
1.562576e+03
1.562493e+03
1.562399e+03
1.562295e+03
1.562186e+03
1.562074e+03
1.561965e+03
1.561863e+03
1.561772e+03
1.561693e+03
1.561630e+03
1.561582e+03
1.561548e+03
1.561528e+03
1.561521e+03
1.561525e+03
1.561537e+03
1.561558e+03
1.561585e+03
1.561618e+03
1.561655e+03
1.561697e+03
1.561742e+03
1.561790e+03
1.561840e+03
1.561893e+03
1.561948e+03
1.562006e+03
1.562065e+03
1.562125e+03
1.562187e+03
1.562251e+03
1.562316e+03
1.562381e+03
1.562448e+03
1.562516e+03
1.562585e+03
1.562654e+03
1.562724e+03
1.562795e+03
1.562865e+03
1.562936e+03
1.563007e+03
1.563077e+03
1.563148e+03
1.563218e+03
1.563287e+03
1.563356e+03
1.563424e+03
1.563490e+03
1.563556e+03
1.563620e+03
1.563682e+03
1.563742e+03
1.563800e+03
1.563855e+03
1.563907e+03
1.563956e+03
1.564000e+03
1.564041e+03
1.564077e+03
1.564109e+03
1.564135e+03
1.564156e+03
1.564171e+03
1.564181e+03
1.564185e+03
1.564184e+03
1.564178e+03
1.564167e+03
1.564152e+03
1.564133e+03
1.564112e+03
1.564087e+03
1.564059e+03
1.564029e+03
1.563995e+03
1.563959e+03
1.563919e+03
1.563874e+03
1.563825e+03
1.563771e+03
1.563712e+03
1.563647e+03
1.563577e+03
1.563502e+03
1.563424e+03
1.563343e+03
1.563261e+03
1.563180e+03
1.563100e+03
1.563025e+03
1.562955e+03
1.562891e+03
1.562835e+03
1.562787e+03
1.562746e+03
1.562714e+03
1.562690e+03
1.562673e+03
1.562663e+03
1.562659e+03
1.562660e+03
1.562666e+03
1.562674e+03
1.562684e+03
1.562695e+03
1.562705e+03
1.562713e+03
1.562717e+03
1.562715e+03
1.562705e+03
1.562685e+03
1.562654e+03
1.562609e+03
1.562548e+03
1.562468e+03
1.562369e+03
1.562247e+03
1.562103e+03
1.561935e+03
1.561744e+03
1.561529e+03
1.561294e+03
1.561042e+03
1.560777e+03
1.560505e+03
1.560235e+03
1.559973e+03
1.559726e+03
1.559500e+03
1.559299e+03
1.559123e+03
1.558971e+03
1.558841e+03
1.558729e+03
1.558632e+03
1.558545e+03
1.558464e+03
1.558386e+03
1.558306e+03
1.558224e+03
1.558136e+03
1.558043e+03
1.557943e+03
1.557838e+03
1.557727e+03
1.557614e+03
1.557500e+03
1.557388e+03
1.557279e+03
1.557176e+03
1.557080e+03
1.556995e+03
1.556921e+03
1.556859e+03
1.556809e+03
1.556771e+03
1.556746e+03
1.556731e+03
1.556726e+03
1.556730e+03
1.556742e+03
1.556760e+03
1.556783e+03
1.556809e+03
1.556839e+03
1.556870e+03
1.556903e+03
1.556935e+03
1.556966e+03
1.556996e+03
1.557024e+03
1.557049e+03
1.557071e+03
1.557090e+03
1.557104e+03
1.557113e+03
1.557118e+03
1.557118e+03
1.557113e+03
1.557103e+03
1.557088e+03
1.557068e+03
1.557042e+03
1.557012e+03
1.556977e+03
1.556937e+03
1.556892e+03
1.556844e+03
1.556792e+03
1.556737e+03
1.556679e+03
1.556621e+03
1.556563e+03
1.556507e+03
1.556453e+03
1.556404e+03
1.556360e+03
1.556323e+03
1.556292e+03
1.556269e+03
1.556253e+03
1.556245e+03
1.556244e+03
1.556250e+03
1.556261e+03
1.556279e+03
1.556302e+03
1.556329e+03
1.556361e+03
1.556396e+03
1.556435e+03
1.556477e+03
1.556522e+03
1.556569e+03
1.556618e+03
1.556669e+03
1.556722e+03
1.556776e+03
1.556832e+03
1.556888e+03
1.556946e+03
1.557004e+03
1.557063e+03
1.557122e+03
1.557182e+03
1.557241e+03
1.557301e+03
1.557360e+03
1.557419e+03
1.557476e+03
1.557532e+03
1.557586e+03
1.557636e+03
1.557683e+03
1.557723e+03
1.557756e+03
1.557778e+03
1.557787e+03
1.557778e+03
1.557746e+03
1.557687e+03
1.557598e+03
1.557477e+03
1.557330e+03
1.557165e+03
1.556995e+03
1.556836e+03
1.556698e+03
1.556589e+03
1.556510e+03
1.556459e+03
1.556431e+03
1.556421e+03
1.556425e+03
1.556438e+03
1.556458e+03
1.556480e+03
1.556503e+03
1.556525e+03
1.556544e+03
1.556559e+03
1.556568e+03
1.556569e+03
1.556562e+03
1.556544e+03
1.556515e+03
1.556473e+03
1.556418e+03
1.556347e+03
1.556262e+03
1.556161e+03
1.556044e+03
1.555912e+03
1.555765e+03
1.555605e+03
1.555433e+03
1.555251e+03
1.555063e+03
1.554872e+03
1.554683e+03
1.554498e+03
1.554322e+03
1.554155e+03
1.553999e+03
1.553855e+03
1.553723e+03
1.553601e+03
1.553491e+03
1.553393e+03
1.553306e+03
1.553231e+03
1.553167e+03
1.553114e+03
1.553070e+03
1.553034e+03
1.553003e+03
1.552976e+03
1.552947e+03
1.552914e+03
1.552873e+03
1.552818e+03
1.552748e+03
1.552660e+03
1.552555e+03
1.552437e+03
1.552314e+03
1.552195e+03
1.552088e+03
1.552000e+03
1.551935e+03
1.551892e+03
1.551869e+03
1.551864e+03
1.551872e+03
1.551892e+03
1.551919e+03
1.551951e+03
1.551988e+03
1.552026e+03
1.552066e+03
1.552105e+03
1.552143e+03
1.552179e+03
1.552214e+03
1.552245e+03
1.552273e+03
1.552298e+03
1.552318e+03
1.552334e+03
1.552346e+03
1.552352e+03
1.552354e+03
1.552352e+03
1.552345e+03
1.552333e+03
1.552319e+03
1.552301e+03
1.552280e+03
1.552259e+03
1.552236e+03
1.552213e+03
1.552191e+03
1.552171e+03
1.552152e+03
1.552135e+03
1.552121e+03
1.552109e+03
1.552099e+03
1.552092e+03
1.552087e+03
1.552083e+03
1.552080e+03
1.552077e+03
1.552073e+03
1.552069e+03
1.552062e+03
1.552053e+03
1.552040e+03
1.552023e+03
1.552001e+03
1.551974e+03
1.551941e+03
1.551902e+03
1.551859e+03
1.551812e+03
1.551762e+03
1.551711e+03
1.551661e+03
1.551614e+03
1.551572e+03
1.551535e+03
1.551506e+03
1.551485e+03
1.551471e+03
1.551465e+03
1.551467e+03
1.551475e+03
1.551490e+03
1.551510e+03
1.551534e+03
1.551563e+03
1.551595e+03
1.551629e+03
1.551665e+03
1.551704e+03
1.551743e+03
1.551783e+03
1.551823e+03
1.551864e+03
1.551904e+03
1.551944e+03
1.551982e+03
1.552020e+03
1.552057e+03
1.552093e+03
1.552127e+03
1.552160e+03
1.552191e+03
1.552221e+03
1.552249e+03
1.552277e+03
1.552303e+03
1.552329e+03
1.552354e+03
1.552379e+03
1.552404e+03
1.552429e+03
1.552456e+03
1.552483e+03
1.552511e+03
1.552540e+03
1.552572e+03
1.552604e+03
1.552638e+03
1.552674e+03
1.552711e+03
1.552750e+03
1.552790e+03
1.552831e+03
1.552874e+03
1.552917e+03
1.552961e+03
1.553005e+03
1.553050e+03
1.553095e+03
1.553140e+03
1.553185e+03
1.553228e+03
1.553271e+03
1.553312e+03
1.553351e+03
1.553388e+03
1.553421e+03
1.553451e+03
1.553476e+03
1.553495e+03
1.553508e+03
1.553514e+03
1.553511e+03
1.553501e+03
1.553482e+03
1.553456e+03
1.553423e+03
1.553385e+03
1.553344e+03
1.553302e+03
1.553262e+03
1.553224e+03
1.553191e+03
1.553162e+03
1.553137e+03
1.553116e+03
1.553098e+03
1.553082e+03
1.553067e+03
1.553053e+03
1.553039e+03
1.553025e+03
1.553012e+03
1.552999e+03
1.552988e+03
1.552978e+03
1.552972e+03
1.552969e+03
1.552971e+03
1.552976e+03
1.552987e+03
1.553001e+03
1.553020e+03
1.553042e+03
1.553068e+03
1.553097e+03
1.553128e+03
1.553161e+03
1.553195e+03
1.553230e+03
1.553266e+03
1.553301e+03
1.553336e+03
1.553371e+03
1.553403e+03
1.553434e+03
1.553463e+03
1.553489e+03
1.553512e+03
1.553531e+03
1.553547e+03
1.553559e+03
1.553567e+03
1.553571e+03
1.553572e+03
1.553571e+03
1.553567e+03
1.553561e+03
1.553556e+03
1.553550e+03
1.553546e+03
1.553543e+03
1.553542e+03
1.553543e+03
1.553547e+03
1.553552e+03
1.553558e+03
1.553565e+03
1.553571e+03
1.553575e+03
1.553577e+03
1.553574e+03
1.553566e+03
1.553550e+03
1.553525e+03
1.553490e+03
1.553442e+03
1.553381e+03
1.553307e+03
1.553218e+03
1.553117e+03
1.553007e+03
1.552891e+03
1.552774e+03
1.552660e+03
1.552555e+03
1.552459e+03
1.552375e+03
1.552302e+03
1.552238e+03
1.552182e+03
1.552132e+03
1.552086e+03
1.552041e+03
1.551996e+03
1.551951e+03
1.551904e+03
1.551855e+03
1.551801e+03
1.551741e+03
1.551672e+03
1.551590e+03
1.551491e+03
1.551372e+03
1.551231e+03
1.551071e+03
1.550903e+03
1.550737e+03
1.550588e+03
1.550465e+03
1.550370e+03
1.550304e+03
1.550261e+03
1.550237e+03
1.550228e+03
1.550230e+03
1.550239e+03
1.550253e+03
1.550271e+03
1.550290e+03
1.550311e+03
1.550333e+03
1.550355e+03
1.550376e+03
1.550397e+03
1.550418e+03
1.550437e+03
1.550455e+03
1.550471e+03
1.550486e+03
1.550497e+03
1.550504e+03
1.550506e+03
1.550500e+03
1.550485e+03
1.550458e+03
1.550415e+03
1.550354e+03
1.550274e+03
1.550173e+03
1.550055e+03
1.549928e+03
1.549797e+03
1.549673e+03
1.549559e+03
1.549460e+03
1.549373e+03
1.549296e+03
1.549226e+03
1.549160e+03
1.549096e+03
1.549033e+03
1.548972e+03
1.548914e+03
1.548862e+03
1.548817e+03
1.548782e+03
1.548756e+03
1.548740e+03
1.548734e+03
1.548737e+03
1.548748e+03
1.548765e+03
1.548787e+03
1.548814e+03
1.548844e+03
1.548877e+03
1.548912e+03
1.548949e+03
1.548987e+03
1.549026e+03
1.549066e+03
1.549106e+03
1.549145e+03
1.549185e+03
1.549224e+03
1.549262e+03
1.549299e+03
1.549334e+03
1.549367e+03
1.549398e+03
1.549427e+03
1.549451e+03
1.549471e+03
1.549486e+03
1.549496e+03
1.549498e+03
1.549493e+03
1.549479e+03
1.549456e+03
1.549424e+03
1.549383e+03
1.549333e+03
1.549275e+03
1.549213e+03
1.549147e+03
1.549082e+03
1.549019e+03
1.548961e+03
1.548910e+03
1.548867e+03
1.548833e+03
1.548808e+03
1.548792e+03
1.548784e+03
1.548782e+03
1.548787e+03
1.548797e+03
1.548811e+03
1.548828e+03
1.548848e+03
1.548868e+03
1.548890e+03
1.548911e+03
1.548931e+03
1.548950e+03
1.548967e+03
1.548981e+03
1.548992e+03
1.548999e+03
1.549002e+03
1.549000e+03
1.548993e+03
1.548981e+03
1.548964e+03
1.548941e+03
1.548914e+03
1.548882e+03
1.548847e+03
1.548809e+03
1.548769e+03
1.548729e+03
1.548688e+03
1.548649e+03
1.548611e+03
1.548577e+03
1.548545e+03
1.548518e+03
1.548495e+03
1.548476e+03
1.548463e+03
1.548454e+03
1.548449e+03
1.548449e+03
1.548454e+03
1.548462e+03
1.548474e+03
1.548490e+03
1.548508e+03
1.548530e+03
1.548554e+03
1.548580e+03
1.548608e+03
1.548638e+03
1.548669e+03
1.548702e+03
1.548736e+03
1.548770e+03
1.548805e+03
1.548840e+03
1.548875e+03
1.548909e+03
1.548941e+03
1.548970e+03
1.548995e+03
1.549012e+03
1.549018e+03
1.549007e+03
1.548971e+03
1.548902e+03
1.548791e+03
1.548634e+03
1.548444e+03
1.548242e+03
1.548059e+03
1.547914e+03
1.547814e+03
1.547754e+03
1.547726e+03
1.547719e+03
1.547728e+03
1.547747e+03
1.547772e+03
1.547801e+03
1.547833e+03
1.547867e+03
1.547902e+03
1.547937e+03
1.547973e+03
1.548009e+03
1.548045e+03
1.548082e+03
1.548118e+03
1.548154e+03
1.548191e+03
1.548227e+03
1.548263e+03
1.548299e+03
1.548335e+03
1.548371e+03
1.548406e+03
1.548441e+03
1.548476e+03
1.548509e+03
1.548543e+03
1.548575e+03
1.548606e+03
1.548636e+03
1.548665e+03
1.548692e+03
1.548716e+03
1.548739e+03
1.548759e+03
1.548776e+03
1.548789e+03
1.548799e+03
1.548805e+03
1.548807e+03
1.548805e+03
1.548798e+03
1.548787e+03
1.548773e+03
1.548755e+03
1.548735e+03
1.548714e+03
1.548692e+03
1.548671e+03
1.548651e+03
1.548634e+03
1.548620e+03
1.548609e+03
1.548603e+03
1.548601e+03
1.548603e+03
1.548608e+03
1.548617e+03
1.548629e+03
1.548644e+03
1.548660e+03
1.548678e+03
1.548695e+03
1.548710e+03
1.548721e+03
1.548725e+03
1.548718e+03
1.548694e+03
1.548649e+03
1.548574e+03
1.548467e+03
1.548330e+03
1.548176e+03
1.548023e+03
1.547890e+03
1.547788e+03
1.547720e+03
1.547682e+03
1.547667e+03
1.547670e+03
1.547685e+03
1.547709e+03
1.547738e+03
1.547772e+03
1.547808e+03
1.547847e+03
1.547886e+03
1.547926e+03
1.547967e+03
1.548009e+03
1.548050e+03
1.548092e+03
1.548133e+03
1.548175e+03
1.548216e+03
1.548258e+03
1.548299e+03
1.548340e+03
1.548381e+03
1.548422e+03
1.548462e+03
1.548502e+03
1.548542e+03
1.548580e+03
1.548618e+03
1.548655e+03
1.548691e+03
1.548725e+03
1.548757e+03
1.548786e+03
1.548812e+03
1.548833e+03
1.548849e+03
1.548857e+03
1.548856e+03
1.548846e+03
1.548824e+03
1.548791e+03
1.548748e+03
1.548696e+03
1.548640e+03
1.548584e+03
1.548532e+03
1.548488e+03
1.548454e+03
1.548430e+03
1.548416e+03
1.548409e+03
1.548409e+03
1.548414e+03
1.548422e+03
1.548432e+03
1.548442e+03
1.548453e+03
1.548463e+03
1.548471e+03
1.548478e+03
1.548483e+03
1.548485e+03
1.548485e+03
1.548482e+03
1.548476e+03
1.548467e+03
1.548454e+03
1.548437e+03
1.548415e+03
1.548388e+03
1.548357e+03
1.548322e+03
1.548284e+03
1.548245e+03
1.548207e+03
1.548173e+03
1.548144e+03
1.548121e+03
1.548106e+03
1.548099e+03
1.548098e+03
1.548105e+03
1.548117e+03
1.548135e+03
1.548157e+03
1.548182e+03
1.548210e+03
1.548241e+03
1.548274e+03
1.548308e+03
1.548343e+03
1.548379e+03
1.548416e+03
1.548453e+03
1.548491e+03
1.548530e+03
1.548568e+03
1.548607e+03
1.548645e+03
1.548684e+03
1.548722e+03
1.548760e+03
1.548798e+03
1.548834e+03
1.548869e+03
1.548903e+03
1.548933e+03
1.548958e+03
1.548976e+03
1.548982e+03
1.548972e+03
1.548938e+03
1.548870e+03
1.548763e+03
1.548615e+03
1.548441e+03
1.548266e+03
1.548116e+03
1.548006e+03
1.547936e+03
1.547900e+03
1.547889e+03
1.547895e+03
1.547912e+03
1.547936e+03
1.547966e+03
1.547998e+03
1.548032e+03
1.548068e+03
1.548104e+03
1.548140e+03
1.548176e+03
1.548213e+03
1.548249e+03
1.548285e+03
1.548321e+03
1.548356e+03
1.548391e+03
1.548425e+03
1.548458e+03
1.548491e+03
1.548524e+03
1.548556e+03
1.548587e+03
1.548617e+03
1.548647e+03
1.548676e+03
1.548704e+03
1.548731e+03
1.548758e+03
1.548785e+03
1.548810e+03
1.548836e+03
1.548861e+03
1.548885e+03
1.548910e+03
1.548934e+03
1.548958e+03
1.548982e+03
1.549006e+03
1.549029e+03
1.549052e+03
1.549075e+03
1.549097e+03
1.549117e+03
1.549137e+03
1.549155e+03
1.549170e+03
1.549181e+03
1.549188e+03
1.549190e+03
1.549184e+03
1.549170e+03
1.549147e+03
1.549113e+03
1.549069e+03
1.549016e+03
1.548957e+03
1.548896e+03
1.548838e+03
1.548786e+03
1.548742e+03
1.548710e+03
1.548687e+03
1.548673e+03
1.548668e+03
1.548669e+03
1.548675e+03
1.548686e+03
1.548699e+03
1.548715e+03
1.548733e+03
1.548751e+03
1.548771e+03
1.548790e+03
1.548811e+03
1.548831e+03
1.548851e+03
1.548871e+03
1.548891e+03
1.548911e+03
1.548931e+03
1.548951e+03
1.548970e+03
1.548990e+03
1.549009e+03
1.549028e+03
1.549047e+03
1.549067e+03
1.549086e+03
1.549106e+03
1.549126e+03
1.549146e+03
1.549167e+03
1.549187e+03
1.549209e+03
1.549230e+03
1.549252e+03
1.549275e+03
1.549298e+03
1.549321e+03
1.549345e+03
1.549369e+03
1.549394e+03
1.549419e+03
1.549445e+03
1.549471e+03
1.549498e+03
1.549525e+03
1.549553e+03
1.549580e+03
1.549609e+03
1.549637e+03
1.549666e+03
1.549695e+03
1.549725e+03
1.549754e+03
1.549784e+03
1.549814e+03
1.549845e+03
1.549875e+03
1.549905e+03
1.549935e+03
1.549965e+03
1.549995e+03
1.550025e+03
1.550054e+03
1.550083e+03
1.550111e+03
1.550138e+03
1.550164e+03
1.550190e+03
1.550213e+03
1.550235e+03
1.550255e+03
1.550273e+03
1.550288e+03
1.550300e+03
1.550309e+03
1.550314e+03
1.550315e+03
1.550312e+03
1.550305e+03
1.550294e+03
1.550279e+03
1.550260e+03
1.550237e+03
1.550212e+03
1.550183e+03
1.550152e+03
1.550118e+03
1.550082e+03
1.550044e+03
1.550005e+03
1.549964e+03
1.549924e+03
1.549886e+03
1.549849e+03
1.549816e+03
1.549788e+03
1.549764e+03
1.549745e+03
1.549730e+03
1.549719e+03
1.549712e+03
1.549709e+03
1.549707e+03
1.549708e+03
1.549710e+03
1.549713e+03
1.549717e+03
1.549720e+03
1.549724e+03
1.549727e+03
1.549729e+03
1.549729e+03
1.549728e+03
1.549725e+03
1.549720e+03
1.549711e+03
1.549699e+03
1.549682e+03
1.549660e+03
1.549632e+03
1.549597e+03
1.549554e+03
1.549501e+03
1.549437e+03
1.549362e+03
1.549274e+03
1.549174e+03
1.549062e+03
1.548938e+03
1.548804e+03
1.548663e+03
1.548516e+03
1.548365e+03
1.548215e+03
1.548067e+03
1.547925e+03
1.547792e+03
1.547671e+03
1.547562e+03
1.547465e+03
1.547381e+03
1.547308e+03
1.547245e+03
1.547191e+03
1.547143e+03
1.547101e+03
1.547063e+03
1.547030e+03
1.547000e+03
1.546973e+03
1.546948e+03
1.546927e+03
1.546908e+03
1.546892e+03
1.546879e+03
1.546870e+03
1.546863e+03
1.546860e+03
1.546860e+03
1.546863e+03
1.546870e+03
1.546879e+03
1.546891e+03
1.546905e+03
1.546921e+03
1.546939e+03
1.546959e+03
1.546981e+03
1.547004e+03
1.547028e+03
1.547053e+03
1.547079e+03
1.547105e+03
1.547132e+03
1.547160e+03
1.547187e+03
1.547216e+03
1.547244e+03
1.547272e+03
1.547301e+03
1.547329e+03
1.547357e+03
1.547386e+03
1.547414e+03
1.547442e+03
1.547470e+03
1.547497e+03
1.547524e+03
1.547551e+03
1.547578e+03
1.547604e+03
1.547630e+03
1.547655e+03
1.547680e+03
1.547705e+03
1.547729e+03
1.547753e+03
1.547776e+03
1.547799e+03
1.547821e+03
1.547843e+03
1.547864e+03
1.547885e+03
1.547906e+03
1.547926e+03
1.547945e+03
1.547964e+03
1.547983e+03
1.548001e+03
1.548018e+03
1.548035e+03
1.548052e+03
1.548068e+03
1.548083e+03
1.548098e+03
1.548113e+03
1.548127e+03
1.548141e+03
1.548154e+03
1.548167e+03
1.548180e+03
1.548192e+03
1.548204e+03
1.548217e+03
1.548229e+03
1.548240e+03
1.548252e+03
1.548265e+03
1.548277e+03
1.548289e+03
1.548302e+03
1.548315e+03
1.548328e+03
1.548342e+03
1.548357e+03
1.548371e+03
1.548387e+03
1.548403e+03
1.548420e+03
1.548437e+03
1.548455e+03
1.548473e+03
1.548492e+03
1.548511e+03
1.548530e+03
1.548549e+03
1.548567e+03
1.548585e+03
1.548601e+03
1.548615e+03
1.548625e+03
1.548630e+03
1.548627e+03
1.548614e+03
1.548587e+03
1.548541e+03
1.548474e+03
1.548382e+03
1.548267e+03
1.548133e+03
1.547990e+03
1.547846e+03
1.547710e+03
1.547586e+03
1.547478e+03
1.547384e+03
1.547302e+03
1.547229e+03
1.547160e+03
1.547091e+03
1.547016e+03
1.546932e+03
1.546838e+03
1.546735e+03
1.546628e+03
1.546523e+03
1.546422e+03
1.546329e+03
1.546241e+03
1.546158e+03
1.546077e+03
1.545997e+03
1.545921e+03
1.545850e+03
1.545786e+03
1.545732e+03
1.545689e+03
1.545657e+03
1.545635e+03
1.545621e+03
1.545614e+03
1.545613e+03
1.545617e+03
1.545624e+03
1.545634e+03
1.545647e+03
1.545662e+03
1.545679e+03
1.545698e+03
1.545717e+03
1.545738e+03
1.545759e+03
1.545780e+03
1.545802e+03
1.545824e+03
1.545845e+03
1.545867e+03
1.545887e+03
1.545908e+03
1.545927e+03
1.545946e+03
1.545965e+03
1.545982e+03
1.545998e+03
1.546014e+03
1.546029e+03
1.546044e+03
1.546058e+03
1.546072e+03
1.546085e+03
1.546099e+03
1.546113e+03
1.546127e+03
1.546142e+03
1.546157e+03
1.546173e+03
1.546190e+03
1.546207e+03
1.546226e+03
1.546245e+03
1.546264e+03
1.546285e+03
1.546306e+03
1.546328e+03
1.546351e+03
1.546374e+03
1.546397e+03
1.546421e+03
1.546445e+03
1.546470e+03
1.546495e+03
1.546520e+03
1.546546e+03
1.546571e+03
1.546597e+03
1.546623e+03
1.546648e+03
1.546674e+03
1.546700e+03
1.546727e+03
1.546753e+03
1.546779e+03
1.546805e+03
1.546831e+03
1.546857e+03
1.546884e+03
1.546910e+03
1.546936e+03
1.546961e+03
1.546987e+03
1.547013e+03
1.547038e+03
1.547063e+03
1.547087e+03
1.547111e+03
1.547134e+03
1.547157e+03
1.547178e+03
1.547197e+03
1.547215e+03
1.547230e+03
1.547242e+03
1.547251e+03
1.547254e+03
1.547252e+03
1.547243e+03
1.547226e+03
1.547203e+03
1.547172e+03
1.547136e+03
1.547097e+03
1.547057e+03
1.547021e+03
1.546989e+03
1.546963e+03
1.546944e+03
1.546932e+03
1.546924e+03
1.546921e+03
1.546919e+03
1.546919e+03
1.546917e+03
1.546911e+03
1.546900e+03
1.546881e+03
1.546852e+03
1.546812e+03
1.546761e+03
1.546703e+03
1.546643e+03
1.546585e+03
1.546535e+03
1.546496e+03
1.546469e+03
1.546453e+03
1.546448e+03
1.546450e+03
1.546458e+03
1.546471e+03
1.546487e+03
1.546506e+03
1.546525e+03
1.546546e+03
1.546566e+03
1.546586e+03
1.546606e+03
1.546624e+03
1.546641e+03
1.546656e+03
1.546669e+03
1.546680e+03
1.546688e+03
1.546693e+03
1.546695e+03
1.546695e+03
1.546694e+03
1.546691e+03
1.546688e+03
1.546685e+03
1.546684e+03
1.546684e+03
1.546687e+03
1.546692e+03
1.546700e+03
1.546710e+03
1.546721e+03
1.546735e+03
1.546750e+03
1.546766e+03
1.546782e+03
1.546799e+03
1.546815e+03
1.546830e+03
1.546844e+03
1.546856e+03
1.546866e+03
1.546874e+03
1.546878e+03
1.546879e+03
1.546876e+03
1.546869e+03
1.546859e+03
1.546846e+03
1.546831e+03
1.546814e+03
1.546797e+03
1.546782e+03
1.546768e+03
1.546757e+03
1.546750e+03
1.546746e+03
1.546745e+03
1.546747e+03
1.546752e+03
1.546760e+03
1.546770e+03
1.546781e+03
1.546794e+03
1.546807e+03
1.546822e+03
1.546837e+03
1.546853e+03
1.546869e+03
1.546885e+03
1.546901e+03
1.546918e+03
1.546934e+03
1.546950e+03
1.546966e+03
1.546982e+03
1.546997e+03
1.547012e+03
1.547027e+03
1.547042e+03
1.547057e+03
1.547071e+03
1.547085e+03
1.547099e+03
1.547112e+03
1.547126e+03
1.547139e+03
1.547153e+03
1.547166e+03
1.547180e+03
1.547194e+03
1.547208e+03
1.547223e+03
1.547238e+03
1.547254e+03
1.547270e+03
1.547287e+03
1.547304e+03
1.547322e+03
1.547340e+03
1.547359e+03
1.547379e+03
1.547399e+03
1.547420e+03
1.547441e+03
1.547463e+03
1.547485e+03
1.547508e+03
1.547531e+03
1.547555e+03
1.547578e+03
1.547602e+03
1.547627e+03
1.547651e+03
1.547676e+03
1.547701e+03
1.547726e+03
1.547752e+03
1.547777e+03
1.547802e+03
1.547828e+03
1.547853e+03
1.547879e+03
1.547905e+03
1.547930e+03
1.547956e+03
1.547981e+03
1.548007e+03
1.548032e+03
1.548057e+03
1.548082e+03
1.548107e+03
1.548131e+03
1.548156e+03
1.548180e+03
1.548203e+03
1.548227e+03
1.548250e+03
1.548272e+03
1.548294e+03
1.548315e+03
1.548335e+03
1.548354e+03
1.548372e+03
1.548389e+03
1.548404e+03
1.548418e+03
1.548429e+03
1.548439e+03
1.548446e+03
1.548450e+03
1.548451e+03
1.548449e+03
1.548444e+03
1.548436e+03
1.548425e+03
1.548411e+03
1.548396e+03
1.548378e+03
1.548360e+03
1.548342e+03
1.548323e+03
1.548305e+03
1.548286e+03
1.548266e+03
1.548246e+03
1.548222e+03
1.548195e+03
1.548162e+03
1.548121e+03
1.548073e+03
1.548015e+03
1.547949e+03
1.547877e+03
1.547803e+03
1.547730e+03
1.547662e+03
1.547601e+03
1.547546e+03
1.547496e+03
1.547449e+03
1.547404e+03
1.547358e+03
1.547309e+03
1.547256e+03
1.547200e+03
1.547143e+03
1.547085e+03
1.547031e+03
1.546981e+03
1.546938e+03
1.546902e+03
1.546873e+03
1.546851e+03
1.546833e+03
1.546821e+03
1.546812e+03
1.546805e+03
1.546802e+03
1.546800e+03
1.546800e+03
1.546801e+03
1.546804e+03
1.546808e+03
1.546813e+03
1.546819e+03
1.546827e+03
1.546836e+03
1.546846e+03
1.546857e+03
1.546869e+03
1.546881e+03
1.546895e+03
1.546909e+03
1.546924e+03
1.546939e+03
1.546954e+03
1.546969e+03
1.546984e+03
1.546998e+03
1.547011e+03
1.547023e+03
1.547032e+03
1.547039e+03
1.547043e+03
1.547043e+03
1.547037e+03
1.547027e+03
1.547010e+03
1.546987e+03
1.546958e+03
1.546924e+03
1.546886e+03
1.546845e+03
1.546804e+03
1.546766e+03
1.546731e+03
1.546702e+03
1.546679e+03
1.546663e+03
1.546653e+03
1.546648e+03
1.546649e+03
1.546654e+03
1.546662e+03
1.546672e+03
1.546685e+03
1.546699e+03
1.546713e+03
1.546728e+03
1.546742e+03
1.546755e+03
1.546767e+03
1.546776e+03
1.546783e+03
1.546788e+03
1.546789e+03
1.546787e+03
1.546782e+03
1.546775e+03
1.546765e+03
1.546754e+03
1.546743e+03
1.546733e+03
1.546724e+03
1.546718e+03
1.546716e+03
1.546716e+03
1.546720e+03
1.546726e+03
1.546736e+03
1.546747e+03
1.546761e+03
1.546777e+03
1.546794e+03
1.546812e+03
1.546831e+03
1.546850e+03
1.546871e+03
1.546891e+03
1.546912e+03
1.546932e+03
1.546953e+03
1.546973e+03
1.546994e+03
1.547014e+03
1.547033e+03
1.547053e+03
1.547071e+03
1.547090e+03
1.547107e+03
1.547124e+03
1.547141e+03
1.547157e+03
1.547172e+03
1.547186e+03
1.547199e+03
1.547212e+03
1.547223e+03
1.547234e+03
1.547243e+03
1.547251e+03
1.547258e+03
1.547263e+03
1.547268e+03
1.547270e+03
1.547271e+03
1.547270e+03
1.547267e+03
1.547262e+03
1.547254e+03
1.547245e+03
1.547233e+03
1.547218e+03
1.547202e+03
1.547183e+03
1.547162e+03
1.547139e+03
1.547115e+03
1.547088e+03
1.547061e+03
1.547031e+03
1.547000e+03
1.546967e+03
1.546932e+03
1.546893e+03
1.546851e+03
1.546805e+03
1.546755e+03
1.546700e+03
1.546642e+03
1.546580e+03
1.546516e+03
1.546453e+03
1.546392e+03
1.546336e+03
1.546286e+03
1.546242e+03
1.546206e+03
1.546177e+03
1.546154e+03
1.546138e+03
1.546126e+03
1.546118e+03
1.546114e+03
1.546112e+03
1.546111e+03
1.546111e+03
1.546112e+03
1.546111e+03
1.546109e+03
1.546105e+03
1.546099e+03
1.546089e+03
1.546077e+03
1.546061e+03
1.546043e+03
1.546024e+03
1.546003e+03
1.545983e+03
1.545963e+03
1.545946e+03
1.545930e+03
1.545917e+03
1.545906e+03
1.545897e+03
1.545890e+03
1.545883e+03
1.545877e+03
1.545872e+03
1.545866e+03
1.545861e+03
1.545857e+03
1.545853e+03
1.545850e+03
1.545849e+03
1.545849e+03
1.545851e+03
1.545854e+03
1.545860e+03
1.545868e+03
1.545878e+03
1.545889e+03
1.545902e+03
1.545917e+03
1.545933e+03
1.545950e+03
1.545968e+03
1.545987e+03
1.546007e+03
1.546028e+03
1.546048e+03
1.546070e+03
1.546091e+03
1.546113e+03
1.546135e+03
1.546157e+03
1.546180e+03
1.546202e+03
1.546224e+03
1.546245e+03
1.546267e+03
1.546288e+03
1.546309e+03
1.546329e+03
1.546349e+03
1.546367e+03
1.546385e+03
1.546401e+03
1.546415e+03
1.546427e+03
1.546437e+03
1.546443e+03
1.546446e+03
1.546444e+03
1.546437e+03
1.546425e+03
1.546408e+03
1.546386e+03
1.546361e+03
1.546333e+03
1.546306e+03
1.546281e+03
1.546259e+03
1.546241e+03
1.546228e+03
1.546220e+03
1.546216e+03
1.546215e+03
1.546218e+03
1.546223e+03
1.546230e+03
1.546239e+03
1.546249e+03
1.546260e+03
1.546272e+03
1.546284e+03
1.546297e+03
1.546310e+03
1.546324e+03
1.546338e+03
1.546351e+03
1.546365e+03
1.546379e+03
1.546393e+03
1.546406e+03
1.546419e+03
1.546432e+03
1.546445e+03
1.546457e+03
1.546468e+03
1.546478e+03
1.546488e+03
1.546497e+03
1.546505e+03
1.546512e+03
1.546518e+03
1.546523e+03
1.546527e+03
1.546530e+03
1.546532e+03
1.546534e+03
1.546535e+03
1.546536e+03
1.546535e+03
1.546532e+03
1.546527e+03
1.546518e+03
1.546502e+03
1.546476e+03
1.546437e+03
1.546381e+03
1.546308e+03
1.546218e+03
1.546122e+03
1.546029e+03
1.545950e+03
1.545889e+03
1.545845e+03
1.545815e+03
1.545794e+03
1.545781e+03
1.545771e+03
1.545763e+03
1.545756e+03
1.545748e+03
1.545740e+03
1.545732e+03
1.545724e+03
1.545716e+03
1.545710e+03
1.545705e+03
1.545703e+03
1.545703e+03
1.545705e+03
1.545710e+03
1.545717e+03
1.545727e+03
1.545738e+03
1.545752e+03
1.545767e+03
1.545783e+03
1.545801e+03
1.545819e+03
1.545838e+03
1.545858e+03
1.545879e+03
1.545900e+03
1.545921e+03
1.545943e+03
1.545964e+03
1.545986e+03
1.546008e+03
1.546031e+03
1.546053e+03
1.546076e+03
1.546098e+03
1.546121e+03
1.546143e+03
1.546166e+03
1.546188e+03
1.546211e+03
1.546233e+03
1.546256e+03
1.546278e+03
1.546300e+03
1.546322e+03
1.546345e+03
1.546367e+03
1.546389e+03
1.546411e+03
1.546433e+03
1.546454e+03
1.546476e+03
1.546498e+03
1.546519e+03
1.546541e+03
1.546562e+03
1.546583e+03
1.546604e+03
1.546625e+03
1.546645e+03
1.546666e+03
1.546686e+03
1.546706e+03
1.546726e+03
1.546745e+03
1.546764e+03
1.546783e+03
1.546802e+03
1.546820e+03
1.546838e+03
1.546855e+03
1.546872e+03
1.546888e+03
1.546904e+03
1.546918e+03
1.546932e+03
1.546944e+03
1.546956e+03
1.546966e+03
1.546974e+03
1.546980e+03
1.546984e+03
1.546986e+03
1.546986e+03
1.546983e+03
1.546977e+03
1.546968e+03
1.546956e+03
1.546942e+03
1.546925e+03
1.546907e+03
1.546888e+03
1.546868e+03
1.546849e+03
1.546830e+03
1.546812e+03
1.546796e+03
1.546781e+03
1.546768e+03
1.546757e+03
1.546747e+03
1.546739e+03
1.546732e+03
1.546726e+03
1.546722e+03
1.546718e+03
1.546715e+03
1.546713e+03
1.546711e+03
1.546710e+03
1.546708e+03
1.546707e+03
1.546706e+03
1.546704e+03
1.546701e+03
1.546698e+03
1.546694e+03
1.546689e+03
1.546683e+03
1.546675e+03
1.546666e+03
1.546655e+03
1.546642e+03
1.546628e+03
1.546612e+03
1.546595e+03
1.546577e+03
1.546558e+03
1.546539e+03
1.546520e+03
1.546501e+03
1.546484e+03
1.546469e+03
1.546456e+03
1.546446e+03
1.546437e+03
1.546432e+03
1.546428e+03
1.546427e+03
1.546429e+03
1.546432e+03
1.546436e+03
1.546442e+03
1.546449e+03
1.546456e+03
1.546464e+03
1.546473e+03
1.546482e+03
1.546491e+03
1.546500e+03
1.546509e+03
1.546519e+03
1.546528e+03
1.546538e+03
1.546548e+03
1.546558e+03
1.546568e+03
1.546579e+03
1.546590e+03
1.546601e+03
1.546612e+03
1.546624e+03
1.546636e+03
1.546649e+03
1.546661e+03
1.546674e+03
1.546687e+03
1.546700e+03
1.546713e+03
1.546727e+03
1.546741e+03
1.546756e+03
1.546771e+03
1.546787e+03
1.546803e+03
1.546820e+03
1.546838e+03
1.546856e+03
1.546874e+03
1.546893e+03
1.546912e+03
1.546931e+03
1.546951e+03
1.546970e+03
1.546989e+03
1.547007e+03
1.547025e+03
1.547042e+03
1.547058e+03
1.547073e+03
1.547086e+03
1.547096e+03
1.547104e+03
1.547108e+03
1.547109e+03
1.547105e+03
1.547096e+03
1.547083e+03
1.547066e+03
1.547046e+03
1.547025e+03
1.547003e+03
1.546983e+03
1.546964e+03
1.546948e+03
1.546935e+03
1.546922e+03
1.546909e+03
1.546895e+03
1.546879e+03
1.546858e+03
1.546833e+03
1.546802e+03
1.546768e+03
1.546730e+03
1.546691e+03
1.546652e+03
1.546615e+03
1.546577e+03
