-1.118105e-04
-1.117896e-04
-1.117737e-04
-1.117672e-04
-1.117662e-04
-1.117726e-04
-1.117974e-04
-1.118504e-04
-1.118519e-04
-1.118039e-04
-1.117841e-04
-1.117809e-04
-1.117813e-04
-1.117830e-04
-1.117928e-04
-1.118288e-04
-1.118654e-04
-1.118213e-04
-1.117811e-04
-1.117679e-04
-1.117657e-04
-1.117694e-04
-1.117806e-04
-1.118103e-04
-1.118661e-04
-1.118647e-04
-1.118109e-04
-1.117828e-04
-1.117714e-04
-1.117672e-04
-1.117689e-04
-1.117823e-04
-1.118234e-04
-1.118638e-04
-1.118236e-04
-1.117888e-04
-1.117801e-04
-1.117804e-04
-1.117825e-04
-1.117877e-04
-1.118089e-04
-1.118566e-04
-1.118494e-04
-1.117962e-04
-1.117721e-04
-1.117656e-04
-1.117662e-04
-1.117728e-04
-1.117913e-04
-1.118371e-04
-1.118787e-04
-1.118356e-04
-1.117946e-04
-1.117772e-04
-1.117698e-04
-1.117680e-04
-1.117740e-04
-1.117995e-04
-1.118519e-04
-1.118479e-04
-1.117997e-04
-1.117808e-04
-1.117785e-04
-1.117810e-04
-1.117851e-04
-1.117970e-04
-1.118344e-04
-1.118674e-04
-1.118200e-04
-1.117807e-04
-1.117675e-04
-1.117649e-04
-1.117679e-04
-1.117789e-04
-1.118096e-04
-1.118662e-04
-1.118619e-04
-1.118109e-04
-1.117851e-04
-1.117740e-04
-1.117693e-04
-1.117705e-04
-1.117841e-04
-1.118261e-04
-1.118626e-04
-1.118192e-04
-1.117852e-04
-1.117770e-04
-1.117784e-04
-1.117827e-04
-1.117905e-04
-1.118142e-04
-1.118618e-04
-1.118488e-04
-1.117955e-04
-1.117719e-04
-1.117651e-04
-1.117652e-04
-1.117713e-04
-1.117900e-04
-1.118373e-04
-1.118763e-04
-1.118328e-04
-1.117956e-04
-1.117798e-04
-1.117724e-04
-1.117700e-04
-1.117759e-04
-1.118021e-04
-1.118540e-04
-1.118440e-04
-1.117957e-04
-1.117774e-04
-1.117755e-04
-1.117793e-04
-1.117859e-04
-1.118007e-04
-1.118405e-04
-1.118693e-04
-1.118188e-04
-1.117804e-04
-1.117673e-04
-1.117643e-04
-1.117668e-04
-1.117776e-04
-1.118092e-04
-1.118655e-04
-1.118572e-04
-1.118093e-04
-1.117868e-04
-1.117767e-04
-1.117717e-04
-1.117725e-04
-1.117863e-04
-1.118292e-04
-1.118612e-04
-1.118149e-04
-1.117819e-04
-1.117738e-04
-1.117755e-04
-1.117814e-04
-1.117920e-04
-1.118190e-04
-1.118667e-04
-1.118481e-04
-1.117950e-04
-1.117720e-04
-1.117649e-04
-1.117645e-04
-1.117701e-04
-1.117890e-04
-1.118373e-04
-1.118724e-04
-1.118285e-04
-1.117953e-04
-1.117820e-04
-1.117751e-04
-1.117725e-04
-1.117781e-04
-1.118052e-04
-1.118561e-04
-1.118403e-04
-1.117923e-04
-1.117744e-04
-1.117723e-04
-1.117765e-04
-1.117850e-04
-1.118032e-04
-1.118464e-04
-1.118713e-04
-1.118181e-04
-1.117806e-04
-1.117675e-04
-1.117641e-04
-1.117662e-04
-1.117768e-04
-1.118093e-04
-1.118648e-04
-1.118513e-04
-1.118062e-04
-1.117874e-04
-1.117793e-04
-1.117747e-04
-1.117752e-04
-1.117894e-04
-1.118335e-04
-1.118602e-04
-1.118110e-04
-1.117791e-04
-1.117710e-04
-1.117725e-04
-1.117791e-04
-1.117922e-04
-1.118235e-04
-1.118721e-04
-1.118476e-04
-1.117951e-04
-1.117726e-04
-1.117653e-04
-1.117645e-04
-1.117699e-04
-1.117893e-04
-1.118387e-04
-1.118682e-04
-1.118227e-04
-1.117935e-04
-1.117834e-04
-1.117782e-04
-1.117759e-04
-1.117816e-04
-1.118099e-04
-1.118591e-04
-1.118365e-04
-1.117893e-04
-1.117721e-04
-1.117697e-04
-1.117738e-04
-1.117834e-04
-1.118050e-04
-1.118521e-04
-1.118726e-04
-1.118177e-04
-1.117816e-04
-1.117686e-04
-1.117647e-04
-1.117664e-04
-1.117772e-04
-1.118109e-04
-1.118642e-04
-1.118447e-04
-1.118021e-04
-1.117868e-04
-1.117814e-04
-1.117781e-04
-1.117789e-04
-1.117936e-04
-1.118385e-04
-1.118589e-04
-1.118076e-04
-1.117770e-04
-1.117690e-04
-1.117700e-04
-1.117765e-04
-1.117913e-04
-1.118266e-04
-1.118759e-04
-1.118470e-04
-1.117959e-04
-1.117740e-04
-1.117663e-04
-1.117650e-04
-1.117701e-04
-1.117901e-04
-1.118402e-04
-1.118638e-04
-1.118169e-04
-1.117905e-04
-1.117834e-04
-1.117805e-04
-1.117792e-04
-1.117853e-04
-1.118147e-04
-1.118617e-04
-1.118333e-04
-1.117869e-04
-1.117703e-04
-1.117675e-04
-1.117710e-04
-1.117809e-04
-1.118048e-04
-1.118557e-04
-1.118730e-04
-1.118176e-04
-1.117830e-04
-1.117699e-04
-1.117655e-04
-1.117668e-04
-1.117776e-04
-1.118124e-04
-1.118636e-04
-1.118383e-04
-1.117972e-04
-1.117843e-04
-1.117816e-04
-1.117804e-04
-1.117822e-04
-1.117979e-04
-1.118434e-04
-1.118575e-04
-1.118046e-04
-1.117751e-04
-1.117670e-04
-1.117675e-04
-1.117736e-04
-1.117893e-04
-1.118279e-04
-1.118779e-04
-1.118458e-04
-1.117968e-04
-1.117757e-04
-1.117676e-04
-1.117658e-04
-1.117707e-04
-1.117914e-04
-1.118422e-04
-1.118592e-04
-1.118109e-04
-1.117866e-04
-1.117816e-04
-1.117813e-04
-1.117820e-04
-1.117893e-04
-1.118201e-04
-1.118642e-04
-1.118302e-04
-1.117850e-04
-1.117689e-04
-1.117657e-04
-1.117687e-04
-1.117785e-04
-1.118042e-04
-1.118579e-04
-1.118718e-04
-1.118175e-04
-1.117849e-04
-1.117719e-04
-1.117670e-04
-1.117679e-04
-1.117788e-04
-1.118149e-04
-1.118631e-04
-1.118326e-04
-1.117928e-04
-1.117814e-04
-1.117807e-04
-1.117820e-04
-1.117857e-04
-1.118029e-04
-1.118489e-04
-1.118567e-04
-1.118027e-04
-1.117742e-04
-1.117661e-04
-1.117660e-04
-1.117717e-04
-1.117877e-04
-1.118286e-04
-1.118783e-04
-1.118443e-04
-1.117983e-04
-1.117783e-04
-1.117700e-04
-1.117676e-04
-1.117722e-04
-1.117936e-04
-1.118446e-04
-1.118555e-04
-1.118061e-04
-1.117830e-04
-1.117792e-04
-1.117810e-04
-1.117842e-04
-1.117935e-04
-1.118261e-04
-1.118673e-04
-1.118285e-04
-1.117842e-04
-1.117685e-04
-1.117650e-04
-1.117674e-04
-1.117769e-04
-1.118035e-04
-1.118590e-04
-1.118694e-04
-1.118170e-04
-1.117872e-04
-1.117747e-04
-1.117693e-04
-1.117696e-04
-1.117807e-04
-1.118180e-04
-1.118630e-04
-1.118276e-04
-1.117887e-04
-1.117781e-04
-1.117786e-04
-1.117822e-04
-1.117885e-04
-1.118081e-04
-1.118548e-04
-1.118561e-04
-1.118013e-04
-1.117738e-04
-1.117656e-04
-1.117650e-04
-1.117702e-04
-1.117863e-04
-1.118290e-04
-1.118769e-04
-1.118410e-04
-1.117989e-04
-1.117809e-04
-1.117725e-04
-1.117696e-04
-1.117739e-04
-1.117960e-04
-1.118472e-04
-1.118515e-04
-1.118014e-04
-1.117792e-04
-1.117759e-04
-1.117790e-04
-1.117847e-04
-1.117969e-04
-1.118321e-04
-1.118700e-04
-1.118267e-04
-1.117835e-04
-1.117681e-04
-1.117642e-04
-1.117661e-04
-1.117754e-04
-1.118028e-04
-1.118589e-04
-1.118648e-04
-1.118149e-04
-1.117886e-04
-1.117772e-04
-1.117716e-04
-1.117714e-04
-1.117826e-04
-1.118210e-04
-1.118624e-04
-1.118227e-04
-1.117849e-04
-1.117745e-04
-1.117754e-04
-1.117805e-04
-1.117896e-04
-1.118125e-04
-1.118603e-04
-1.118556e-04
-1.118003e-04
-1.117735e-04
-1.117652e-04
-1.117642e-04
-1.117690e-04
-1.117853e-04
-1.118292e-04
-1.118741e-04
-1.118362e-04
-1.117983e-04
-1.117829e-04
-1.117752e-04
-1.117720e-04
-1.117760e-04
-1.117990e-04
-1.118500e-04
-1.118478e-04
-1.117974e-04
-1.117760e-04
-1.117726e-04
-1.117762e-04
-1.117838e-04
-1.117993e-04
-1.118381e-04
-1.118730e-04
-1.118256e-04
-1.117836e-04
-1.117684e-04
-1.117642e-04
-1.117657e-04
-1.117748e-04
-1.118031e-04
-1.118591e-04
-1.118592e-04
-1.118115e-04
-1.117891e-04
-1.117798e-04
-1.117746e-04
-1.117742e-04
-1.117856e-04
-1.118253e-04
-1.118623e-04
-1.118186e-04
-1.117820e-04
-1.117718e-04
-1.117726e-04
-1.117784e-04
-1.117899e-04
-1.118169e-04
-1.118664e-04
-1.118556e-04
-1.118003e-04
-1.117744e-04
-1.117659e-04
-1.117645e-04
-1.117689e-04
-1.117855e-04
-1.118305e-04
-1.118710e-04
-1.118306e-04
-1.117966e-04
-1.117844e-04
-1.117783e-04
-1.117752e-04
-1.117792e-04
-1.118031e-04
-1.118535e-04
-1.118446e-04
-1.117943e-04
-1.117737e-04
-1.117701e-04
-1.117735e-04
-1.117822e-04
-1.118007e-04
-1.118436e-04
-1.118756e-04
-1.118253e-04
-1.117845e-04
-1.117695e-04
-1.117649e-04
-1.117659e-04
-1.117748e-04
-1.118041e-04
-1.118592e-04
-1.118531e-04
-1.118071e-04
-1.117883e-04
-1.117816e-04
-1.117777e-04
-1.117774e-04
-1.117891e-04
-1.118300e-04
-1.118622e-04
-1.118149e-04
-1.117795e-04
-1.117695e-04
-1.117698e-04
-1.117757e-04
-1.117887e-04
-1.118197e-04
-1.118714e-04
-1.118552e-04
-1.118006e-04
-1.117755e-04
-1.117667e-04
-1.117648e-04
-1.117688e-04
-1.117859e-04
-1.118323e-04
-1.118673e-04
-1.118238e-04
-1.117929e-04
-1.117839e-04
-1.117803e-04
-1.117784e-04
-1.117827e-04
-1.118079e-04
-1.118574e-04
-1.118409e-04
-1.117911e-04
-1.117714e-04
-1.117676e-04
-1.117706e-04
-1.117796e-04
-1.118007e-04
-1.118482e-04
-1.118769e-04
-1.118243e-04
-1.117855e-04
-1.117706e-04
-1.117656e-04
-1.117662e-04
-1.117753e-04
-1.118060e-04
-1.118599e-04
-1.118458e-04
-1.118012e-04
-1.117854e-04
-1.117818e-04
-1.117801e-04
-1.117809e-04
-1.117938e-04
-1.118361e-04
-1.118615e-04
-1.118108e-04
-1.117773e-04
-1.117676e-04
-1.117675e-04
-1.117730e-04
-1.117870e-04
-1.118217e-04
-1.118748e-04
-1.118533e-04
-1.118009e-04
-1.117771e-04
-1.117680e-04
-1.117656e-04
-1.117695e-04
-1.117874e-04
-1.118351e-04
-1.118631e-04
-1.118167e-04
-1.117886e-04
-1.117821e-04
-1.117813e-04
-1.117814e-04
-1.117871e-04
-1.118140e-04
-1.118615e-04
-1.118374e-04
-1.117887e-04
-1.117701e-04
-1.117660e-04
-1.117685e-04
-1.117774e-04
-1.118003e-04
-1.118514e-04
-1.118762e-04
-1.118234e-04
-1.117872e-04
-1.117727e-04
-1.117671e-04
-1.117673e-04
-1.117765e-04
-1.118088e-04
-1.118608e-04
-1.118393e-04
-1.117959e-04
-1.117821e-04
-1.117807e-04
-1.117817e-04
-1.117846e-04
-1.117992e-04
-1.118428e-04
-1.118612e-04
-1.118081e-04
-1.117761e-04
-1.117666e-04
-1.117660e-04
-1.117710e-04
-1.117854e-04
-1.118229e-04
-1.118764e-04
-1.118508e-04
-1.118016e-04
-1.117794e-04
-1.117702e-04
-1.117673e-04
-1.117709e-04
-1.117897e-04
-1.118387e-04
-1.118595e-04
-1.118107e-04
-1.117843e-04
-1.117793e-04
-1.117808e-04
-1.117836e-04
-1.117916e-04
-1.118209e-04
-1.118660e-04
-1.118346e-04
-1.117871e-04
-1.117693e-04
-1.117651e-04
-1.117670e-04
-1.117756e-04
-1.117997e-04
-1.118534e-04
-1.118734e-04
-1.118216e-04
-1.117888e-04
-1.117752e-04
-1.117692e-04
-1.117689e-04
-1.117785e-04
-1.118126e-04
-1.118616e-04
-1.118329e-04
-1.117909e-04
-1.117784e-04
-1.117783e-04
-1.117817e-04
-1.117874e-04
-1.118048e-04
-1.118500e-04
-1.118604e-04
-1.118056e-04
-1.117752e-04
-1.117659e-04
-1.117649e-04
-1.117694e-04
-1.117841e-04
-1.118237e-04
-1.118756e-04
-1.118462e-04
-1.118014e-04
-1.117817e-04
-1.117727e-04
-1.117693e-04
-1.117727e-04
-1.117925e-04
-1.118423e-04
-1.118554e-04
-1.118051e-04
-1.117802e-04
-1.117759e-04
-1.117787e-04
-1.117841e-04
-1.117952e-04
-1.118277e-04
-1.118698e-04
-1.118321e-04
-1.117860e-04
-1.117688e-04
-1.117644e-04
-1.117658e-04
-1.117741e-04
-1.117992e-04
-1.118541e-04
-1.118685e-04
-1.118185e-04
-1.117899e-04
-1.117777e-04
-1.117717e-04
-1.117710e-04
-1.117808e-04
-1.118164e-04
-1.118621e-04
-1.118275e-04
-1.117868e-04
-1.117749e-04
-1.117752e-04
-1.117801e-04
-1.117887e-04
-1.118097e-04
-1.118568e-04
-1.118601e-04
-1.118041e-04
-1.117750e-04
-1.117657e-04
-1.117642e-04
-1.117684e-04
-1.117832e-04
-1.118244e-04
-1.118736e-04
-1.118405e-04
-1.118002e-04
-1.117836e-04
-1.117756e-04
-1.117720e-04
-1.117752e-04
-1.117960e-04
-1.118463e-04
-1.118518e-04
-1.118006e-04
-1.117769e-04
-1.117727e-04
-1.117759e-04
-1.117832e-04
-1.117977e-04
-1.118342e-04
-1.118736e-04
-1.118304e-04
-1.117857e-04
-1.117690e-04
-1.117643e-04
-1.117653e-04
-1.117735e-04
-1.117996e-04
-1.118550e-04
-1.118625e-04
-1.118142e-04
-1.117900e-04
-1.117802e-04
-1.117748e-04
-1.117739e-04
-1.117840e-04
-1.118212e-04
-1.118626e-04
-1.118227e-04
-1.117836e-04
-1.117721e-04
-1.117723e-04
-1.117778e-04
-1.117887e-04
-1.118139e-04
-1.118633e-04
-1.118597e-04
-1.118033e-04
-1.117754e-04
-1.117661e-04
-1.117642e-04
-1.117681e-04
-1.117833e-04
-1.118259e-04
-1.118709e-04
-1.118340e-04
-1.117978e-04
-1.117847e-04
-1.117785e-04
-1.117752e-04
-1.117785e-04
-1.118003e-04
-1.118505e-04
-1.118484e-04
-1.117970e-04
-1.117744e-04
-1.117701e-04
-1.117731e-04
-1.117813e-04
-1.117987e-04
-1.118398e-04
-1.118766e-04
-1.118294e-04
-1.117862e-04
-1.117699e-04
-1.117648e-04
-1.117654e-04
-1.117736e-04
-1.118008e-04
-1.118560e-04
-1.118562e-04
-1.118092e-04
-1.117888e-04
-1.117819e-04
-1.117780e-04
-1.117773e-04
-1.117878e-04
-1.118265e-04
-1.118631e-04
-1.118187e-04
-1.117810e-04
-1.117699e-04
-1.117696e-04
-1.117751e-04
-1.117874e-04
-1.118166e-04
-1.118686e-04
-1.118591e-04
-1.118033e-04
-1.117765e-04
-1.117670e-04
-1.117647e-04
-1.117683e-04
-1.117840e-04
-1.118282e-04
-1.118680e-04
-1.118271e-04
-1.117941e-04
-1.117843e-04
-1.117807e-04
-1.117786e-04
-1.117822e-04
-1.118053e-04
-1.118550e-04
-1.118450e-04
-1.117938e-04
-1.117723e-04
-1.117678e-04
-1.117703e-04
-1.117787e-04
-1.117985e-04
-1.118441e-04
-1.118782e-04
-1.118284e-04
-1.117872e-04
-1.117713e-04
-1.117657e-04
-1.117659e-04
-1.117741e-04
-1.118027e-04
-1.118570e-04
-1.118495e-04
-1.118034e-04
-1.117861e-04
-1.117821e-04
-1.117803e-04
-1.117808e-04
-1.117922e-04
-1.118322e-04
-1.118631e-04
-1.118149e-04
-1.117788e-04
-1.117680e-04
-1.117673e-04
-1.117723e-04
-1.117854e-04
-1.118179e-04
-1.118721e-04
-1.118576e-04
-1.118036e-04
-1.117781e-04
-1.117684e-04
-1.117656e-04
-1.117689e-04
-1.117852e-04
-1.118308e-04
-1.118647e-04
-1.118203e-04
-1.117897e-04
-1.117823e-04
-1.117813e-04
-1.117814e-04
-1.117862e-04
-1.118108e-04
-1.118594e-04
-1.118418e-04
-1.117911e-04
-1.117707e-04
-1.117659e-04
-1.117680e-04
-1.117762e-04
-1.117975e-04
-1.118468e-04
-1.118780e-04
-1.118272e-04
-1.117887e-04
-1.117732e-04
-1.117672e-04
-1.117670e-04
-1.117753e-04
-1.118053e-04
-1.118584e-04
-1.118431e-04
-1.117979e-04
-1.117825e-04
-1.117807e-04
-1.117816e-04
-1.117842e-04
-1.117973e-04
-1.118390e-04
-1.118633e-04
-1.118116e-04
-1.117773e-04
-1.117668e-04
-1.117657e-04
-1.117703e-04
-1.117837e-04
-1.118189e-04
-1.118741e-04
-1.118548e-04
-1.118039e-04
-1.117803e-04
-1.117706e-04
-1.117673e-04
-1.117703e-04
-1.117875e-04
-1.118347e-04
-1.118615e-04
-1.118139e-04
-1.117853e-04
-1.117794e-04
-1.117806e-04
-1.117834e-04
-1.117906e-04
-1.118176e-04
-1.118644e-04
-1.118388e-04
-1.117892e-04
-1.117698e-04
-1.117650e-04
-1.117665e-04
-1.117745e-04
-1.117970e-04
-1.118490e-04
-1.118755e-04
-1.118251e-04
-1.117904e-04
-1.117760e-04
-1.117696e-04
-1.117689e-04
-1.117774e-04
-1.118091e-04
-1.118600e-04
-1.118370e-04
-1.117929e-04
-1.117788e-04
-1.117783e-04
-1.117815e-04
-1.117869e-04
-1.118028e-04
-1.118463e-04
-1.118632e-04
-1.118091e-04
-1.117765e-04
-1.117662e-04
-1.117648e-04
-1.117689e-04
-1.117825e-04
-1.118198e-04
-1.118740e-04
-1.118503e-04
-1.118037e-04
-1.117828e-04
-1.117734e-04
-1.117695e-04
-1.117723e-04
-1.117904e-04
